feature 1,feature 2
-0.28101769756048967,-0.4128163114710133
0.49521876035250223,0.005440780184958305
-0.06386189153141975,-0.0674011741203624
-0.7102102558175538,-0.02109447944487397
-0.5359636393823786,-0.97123710785583
0.546283747837343,0.03592105542515789
0.7494033453683988,0.05787426805442397
-0.02825648162734873,-0.4864468645589841
0.5477593114603128,0.20384686203026314
-0.6959502937427038,-0.8773007457786637
0.4521826674453231,0.9517041589250692
0.027978978319621595,0.5673060254822861
-0.9889884016791584,-0.9846719347015493
0.7601581751229165,0.30175473809438835
-0.7439083220844551,-0.6961946129754113
-0.1545427262121355,-0.30695166409456354
0.7840931103542266,0.2622772519945258
-0.2907556847184469,-0.42552201669183654
-0.24883409472011198,-0.812036120318262
0.8687340295380297,0.8511370258135527
0.2011886667212346,0.031358855392995544
-0.8092781574539929,-0.09988272114754948
0.5068558445139382,0.537845564215282
0.001207142309415099,0.3592406654702156
-0.7710247238681898,-0.23232223391004103
-0.13822495267638812,-0.5025714548247402
0.8156770277670682,0.014119293477436567
-0.948376186101026,-0.7296674216903545
-0.02300873468018927,-0.19622560021853985
0.6279405390120376,0.23043887646202177
-0.36610682441776143,-0.13080807828257646
-0.30983250897353254,-0.9397922555773621
-0.005502988215229099,-0.3982433803664607
-0.2780522061199464,-0.8168358533467317
-0.5441296749161166,-0.14578442274748737
-0.2026739444553738,-0.7072520156755018
0.4445338637113183,0.7113929362125715
-0.4314518141449666,-0.7323432740006137
0.5768946865065974,0.3299698069519905
0.5674765021504729,0.13236138245014173
-0.11911729937515192,-0.3953335012970125
-0.46879991482258787,-0.7409701574343917
0.9398287956292064,0.6842378462714174
0.5640561753407718,0.4174893954859529
0.7971212093496787,0.5663968265972519
0.1470579029111465,0.9120942872238662
-0.9819230618414156,-0.28594131205997564
0.3206054394026763,0.5287453244434719
0.6719602410244117,0.39194841218739596
-0.687962719115127,-0.6880109593275947
-0.15634364292233727,-0.17795784946890847
-0.8420616756183428,-0.5209796601809238
0.18069538091754578,0.01672109383255993
0.9391692555291171,0.5502656467222291
-0.37418521157270357,-0.45780749247186847
0.7774961597379544,0.9113029964595067
-0.18578702174874473,-0.8679803117195168
-0.16079987514442018,-0.5045380209976851
0.26680751302084693,0.7429211803754354
-0.8482733437826722,-0.7422405561787015
0.35293587445272445,0.6099779993615395
-0.2931572413945638,-0.5262588820510359
-0.5701747259272083,-0.15029831426382612
-0.08752698208891596,-0.2618939564781668
0.1822606065170329,-0.6277282044933041
0.6057068971960229,-0.9907359539907943
-0.5159099682749451,0.9733251865342929
-0.4538583800543752,0.03615753247763087
0.2693425465078829,-0.66809020940843
0.2701873017352876,-0.909391980455911
0.3459332447888648,-0.44923765148916295
0.6796045712712344,-0.23233409613391198
-0.7445730327295303,0.6521352605050568
0.10845302826403325,-0.9895407729141745
0.7455076791322559,-0.774839219176126
-0.5789861206693141,0.6180472805833528
-0.5767282028602776,0.9912622189977669
0.4042921923636589,-0.6566121845891009
-0.8217511357679668,0.5105408409936159
0.48095226390703827,-0.7142994253983228
0.707569843409334,-0.5160457393659093
0.9898156452928706,-0.6522095015610254
-0.1262985947696409,0.45901645730479346
-0.21227118869168304,0.30246595408298416
-0.8960868448914632,0.5725563987680662
0.8894640445828206,-0.06519697750026054
-0.25498213689306826,0.8572611242307882
-0.4603585597435713,0.6500988203601241
0.28513039907038307,-0.157503893411856
-0.16483844843014328,0.7582366151243294
-0.092020177600602,0.5248939173497369
0.8414793006852708,-0.919881761898611
-0.10336188926115564,0.02086497800846443
-0.33151221836607836,0.5418244074916438
0.0629098283786107,-0.42410931464801505
-0.3005935405083009,0.5493070623623637
0.5386097872826796,-0.9779374711427056
0.1565967988407213,-0.7060745808235807
-0.8966625566840778,0.009591196609056274
0.8725612429378533,-0.8719873067827582
0.6897506219389091,-0.9534561285283483
-0.5962930957541033,0.3468648666498346
-0.41990893607512625,0.7428280683817086
-0.44597495134804244,0.8426150244259509
0.10541415143709054,-0.20689263602007357
-0.23221755725357718,0.08710572222797719
-0.14363170336537134,0.9333096380873391
0.7087701867391583,-0.01544428710393042
0.3873644515629773,-0.5584607744224792
-0.15728599544585964,0.475164603177783
-0.464814646544057,0.6709604514843888
0.5958283192317881,-0.20805905467509023
-0.4381309806252385,0.08539216631649693
-0.2470732662439008,0.6211066615636658
-0.5514130334299099,0.32609438360684484
-0.33399617388360414,0.33897391039638025
0.8107639528385273,-0.8174266464277329
0.41447726862679724,-0.6949219141714773
-0.9525844927109632,0.6698944113888075
-0.451889558625588,0.10835600503158682
0.5146204142688777,-0.6766571275260762
-0.33687060186561246,0.7100604032398703
0.1774630442626397,-0.24934018416079629
0.2457809516380005,-0.829305070012464
0.2365095430605919,-0.2621727208604552
0.8770595669462609,-0.6376334418998344
0.7287164996792741,-0.05358018661688568
-0.07928345759614741,0.72912721904534
