feature 1,feature 2
0.3933016477537845,0.8449987623545914
-0.16769200364047698,-0.03731169672935275
0.5477593114603128,0.20384686203026314
0.9009183411505914,0.1632445859783871
0.8654569667080265,0.7321277790008167
-0.38038624935506204,-0.5000861072047575
0.2654237574972018,0.4077141832686624
-0.13753226041688427,-0.30496240937249075
-0.4350078680542955,-0.29389921679939524
0.4266991717691049,0.7904136753743987
0.6101806369913254,0.645967610083535
0.6742392556613044,0.23905240007260664
0.6647270793219899,0.6112976107266839
0.3560323051181271,0.13146392799158213
0.5068558445139382,0.537845564215282
-0.9136525284059767,-0.6703703685411257
0.9693394790490164,0.8747761329942378
0.6381270277233122,0.08158750997108877
0.3777706041001814,0.7466458317216154
0.09286063215569462,0.9340705505122924
0.9517475098201076,0.6030742237659792
0.011777357768931962,0.22290847086929566
-0.31879166683741667,-0.856576222304698
0.3135121269491141,0.9370746633997844
-0.8579302219119957,-0.5784137968999428
0.41325973975741914,0.22001483415897138
0.2721920928190844,0.8265738951524735
-0.4073837590880198,-0.5327844979001801
-0.11911729937515192,-0.3953335012970125
0.055402218172599715,0.9859295922386007
0.2448272831319933,0.5626437114946101
-0.16517799370244202,-0.5557843790585395
-0.7272570488264605,-0.9709106686642361
-0.3934497048648089,-0.7979083779787066
0.4920897585308466,0.16673753019431925
-0.8038348384315108,-0.023517725956443636
-0.1863903980965529,-0.3435337886433212
0.345405988417796,0.5933627943827446
0.06233905600206402,0.873211384589923
0.7579578005645347,0.14354470409664444
-0.7579499990296139,-0.16210441962504918
-0.5224075772369214,-0.0975213116380238
-0.2508942259597573,-0.6662795966024944
-0.43593085485738703,-0.6451209124405544
-0.543840456102135,-0.5759103201835467
-0.6406337822595161,-0.5249133501522447
-0.20603696585143316,-0.10559491899032869
-0.9598576044445473,-0.35584166883364343
-0.687962719115127,-0.6880109593275947
-0.8970424975000213,-0.44270707152677713
0.16190075977635865,0.9813583141315316
-0.4695952646365491,-0.5120207132418328
0.41249232511052436,0.2453790818995949
-0.16561316287084704,-0.6795487980469874
-0.33300165661771164,-0.20366261281811338
0.9028596207236645,0.9896385879319021
0.3421863141719521,0.6108600860919582
-0.16844979295335616,-0.14211133313971147
0.4486776342574823,0.1567738340128182
-0.06738048771965977,-0.8486005453804251
-0.8556031820416483,-0.9386949955883879
-0.2686385034772574,-0.5492374639864683
-0.5618623817962844,-0.9265572749983577
-0.5967453599045109,-0.672688114268591
-0.8214209509488541,0.3740385330064855
0.8766809136420757,-0.6375338676686797
0.029866699826518905,-0.6772743978892326
0.21705454539293312,-0.30098725582636243
-0.9368277103487159,0.8724244924873796
-0.10336188926115564,0.02086497800846443
0.06517886510317172,-0.8963529263551462
0.7287164996792741,-0.05358018661688568
-0.7262287398623855,0.8000372836962102
-0.6635926884669636,0.758660431356948
0.3457433371961596,-0.8377016429275217
-0.4269174957434312,0.1816665211380215
0.9004747076416049,-0.10798845408408853
0.05930115671201297,-0.5162954181990966
0.9430653818021013,-0.3373059857938985
0.9944757998072054,-0.9399479893412144
0.8107639528385273,-0.8174266464277329
-0.3356179337687908,0.38723611494759047
-0.27274079524141204,0.9435641654419213
0.1565967988407213,-0.7060745808235807
0.26367442433959853,-0.10310895604336046
-0.8308692438055243,0.21369391108027824
0.238980692019229,-0.0730119123988553
-0.8170263252044903,0.7549217252607607
0.8049066145716834,-0.8671123112884502
-0.9794310081286159,0.43209994648428895
-0.3855671659574582,0.09291708345624872
-0.7769755753574472,0.03172380542465625
-0.5767282028602776,0.9912622189977669
-0.5760118906026839,0.31470696434025713
0.8165317719333074,-0.5208762186660552
0.0650081328319636,-0.7692107156421653
-0.9160975531367275,0.9369775551887676
-0.8356566650471453,0.9357200696900609
-0.13236516084694094,0.819886287708784
-0.8588625051991403,0.2848385564126312
-0.6767425718107725,0.7971083770541585
-0.4707299461492853,0.32393788958773717
-0.9312229577695632,0.8186408041575641
0.7022733430337138,-0.36615598968744467
0.6452011213193165,-0.2796187171774742
0.23917867491968137,-0.2890139791172852
0.9028896513261839,-0.6490167452372853
-0.24042843964154037,0.7266672991436505
0.9517305116382626,-0.3262084164577863
-0.498213908617795,0.352052576105095
0.9898156452928706,-0.6522095015610254
0.10541415143709054,-0.20689263602007357
-0.42273889351948846,0.16247644284522456
0.5747740535046657,-0.09130915386468974
0.059881173860465875,-0.6772652832232338
0.5607522471419608,-0.08400848199285704
-0.46594345966115736,0.757259972710316
0.5945907315591072,-0.7001651453024524
0.8635074388656327,-0.20596991752561666
-0.6549522461072759,0.13594859463216102
0.7744254851526531,-0.05557014967610141
-0.8836724089890484,0.9897326343395343
-0.6926179143115909,0.14521446576404484
-0.07493056773370421,0.49494187626751307
-0.5403465484047631,0.10532453555349641
-0.8838327756636011,0.7323522915498704
-0.48244003679996617,0.32504456870796394
-0.1605453661477554,0.2770518953281711
