feature 1,feature 2
0.4073719549215915,0.08139695328982066
-0.5161366393689408,0.4279052650131796
0.022684797721875594,0.0030325893743992083
0.29183448266320244,0.14155660933782377
-0.5913672332020594,0.015610127917558225
0.3170810313401098,0.5322318655911724
0.23917590979565917,0.30040218479630676
0.001207142309415099,0.3592406654702156
0.8654210162655227,0.08850793222739539
0.9269984817751766,0.038064560259097435
-0.7181515500504747,0.6043939615080793
0.4656030895325012,0.08447441098369657
0.01482387743561775,0.7484450493703516
0.3206054394026763,0.5287453244434719
-0.38737300244357464,0.5779703198415866
0.32982344897443605,0.5908999215794584
-0.2075159621946825,0.5164769514081826
0.26680751302084693,0.7429211803754354
0.7012321156822756,0.12244557656504984
-0.24042843964154037,0.7266672991436505
0.5287067728728547,0.24748616972801818
-0.6371291298204054,0.16608312193938435
0.18339432461265104,0.40526754617103267
0.8301801368140864,0.06605773449227992
0.2670594215217894,0.07154936814951696
-0.8564483875469739,0.3652344424468048
0.7458916717528166,0.46444977281912236
-0.6388493097453329,0.13589046110525893
0.4281738642648556,0.6034561661395836
-0.46201319112980466,0.5951182012743763
0.08181000767616164,0.3928596140722145
0.35293587445272445,0.6099779993615395
0.13017062490551257,0.5432538219572154
0.7579578005645347,0.14354470409664444
-0.8649949066323561,0.03740198876119005
0.8328410890641325,0.27082871372381967
0.47576996966921237,0.40910885605489056
0.040615401807586604,0.5446367834712786
-0.641287979421518,0.4102782911411267
0.33560936645281303,0.1864431402147686
-0.451889558625588,0.10835600503158682
0.3547862597777456,0.1315631096819927
0.4039337545154067,0.5915853388722021
-0.03821970679398201,0.32486802340213616
-0.2815332612004686,0.18590170286985486
-0.5247249120152007,0.45643269722371915
-0.012906839319762664,0.4045175320633285
0.4639878836228102,0.1973169683940732
0.38789688893420005,0.08544888669519235
0.011777357768931962,0.22290847086929566
0.2992657980944293,0.6984468209883559
0.7494033453683988,0.05787426805442397
0.4445338637113183,0.7113929362125715
-0.20432674899568615,0.8390620493120995
0.2721920928190844,0.8265738951524735
0.11951136727676515,0.05479924424535265
-0.011575105499400218,0.6564985048744367
0.5479827563055251,0.5458429637522302
-0.8715821258497318,0.16394280382879756
-0.3183929194939643,0.8615146512071294
0.45411352323078025,0.12414558880514215
0.35364259771479123,0.6569385988982341
0.5640561753407718,0.4174893954859529
0.6293420094199784,0.22366204020644287
0.31034742904867607,-0.4795268040295413
-0.16769200364047698,-0.03731169672935275
0.045020362171176886,-0.8907311599980554
0.3550632277673693,-0.2537547631552328
0.8582894344233747,-0.22535496404937194
0.5310257979822195,-0.6821836646612929
-0.4695952646365491,-0.5120207132418328
0.6413923215335586,-0.04529920375519736
0.6574750183038587,-0.28649334661282144
0.3841472940487378,-0.5874957723276948
0.13280928059379438,-0.04789919560180067
0.5444895385933148,-0.6025686369316552
-0.8904767223559373,-0.32960551670819815
-0.8016438008255682,-0.1970113682774235
-0.43593085485738703,-0.6451209124405544
-0.4527191642784567,-0.02433136291197502
-0.2983617813299688,-0.2748804068818109
-0.6621298738556709,-0.44281932193608275
0.7087701867391583,-0.01544428710393042
-0.5224457084633953,-0.7790517737372107
0.49488881319338796,-0.05238034320410678
-0.3893786466065374,-0.5747112472578078
-0.08175195342663821,-0.39342821830143415
-0.47658863252818806,-0.5060424018560004
0.1822606065170329,-0.6277282044933041
0.06314430537346238,-0.9346818784310083
0.6587893297176939,-0.4369576031701401
0.707569843409334,-0.5160457393659093
0.5272115883195216,-0.7197736484670949
-0.7450226753360352,-0.20542541887926546
-0.8175877939026193,-0.01115939059483706
-0.546687195546024,-0.2900073883361254
0.42641376656523544,-0.6015694502118938
0.513460334137136,-0.11541238909772944
-0.5412684459246553,-0.061785577904842626
-0.0288206006812044,-0.944926560261069
-0.37418521157270357,-0.45780749247186847
-0.12467734370359307,-0.5300531900080945
-0.43244818840255106,-0.2738354072027298
0.1346244392578071,-0.4868744325972725
0.4468402273771699,-0.008248529842458385
0.2701873017352876,-0.909391980455911
-0.45811460336726917,-0.5954916389509302
0.03489270351008256,-0.13914517935801962
0.5865227008765088,-0.36647664586494666
0.3873644515629773,-0.5584607744224792
-0.9161695665674849,-0.16163424819575734
-0.01436083093435081,-0.4001158604459547
-0.17761696401082805,-0.7398386603421061
-0.41357845660387094,-0.3426709092601681
-0.6659161841981003,-0.6647615674233647
0.323555464943277,-0.8463939033711569
0.22370578944475894,-0.7210122786959163
0.04678182274873288,-0.7704622562615651
0.7804300052723487,-0.42518080706884054
-0.23960876242828588,-0.20235443820619903
0.30902242856227047,-0.45348094600358135
-0.8692676848712295,-0.024857612653231387
0.40815953619844714,-0.5740716769821785
0.2457809516380005,-0.829305070012464
-0.32194041790259864,-0.3015808507746782
0.0781891054720174,-0.4350551472599926
-0.6268659518973885,-0.4298096626123058
0.2896652080446276,-0.20973818477699346
