feature 1,feature 2
0.3442710948117571,0.5232392306574352
0.5778649435520145,0.7837442896214695
0.19808917430076312,0.2472975565805322
-0.5249117382513451,-0.25349641674131984
-0.8367400359388208,-0.8792958320188724
-0.5883175799264635,-0.7761607612045442
0.4616419299614596,0.9625941809944933
-0.09741177394149014,-0.633115607193131
-0.5842274897079454,-0.9469355922523606
0.22514693668963837,0.7473971869326901
0.2022300234864176,0.416145155592091
-0.6854535836405693,-0.3804242815818015
-0.6705872931354082,-0.3395698702570049
-0.1476373955280541,-0.09722595134064904
-0.9617678111404719,-0.0463130633643658
-0.44942357309627967,-0.6875868626267561
-0.5359636393823786,-0.97123710785583
0.08181000767616164,0.3928596140722145
0.9081020545174447,0.2123492689017601
0.7579578005645347,0.14354470409664444
0.47374748988836424,0.7255941550864571
0.33560936645281303,0.1864431402147686
0.24014551185702704,0.06692218395264304
-0.0034886354730927494,-0.8458834417313377
0.7012321156822756,0.12244557656504984
0.9009183411505914,0.1632445859783871
-0.4107612073076137,-0.97136944466588
-0.4442944478205755,-0.4473617830682928
0.9262302231783477,0.09905907179003393
-0.3934497048648089,-0.7979083779787066
0.47576996966921237,0.40910885605489056
-0.317867297899483,-0.7730529575188219
-0.7432114210917495,-0.7917807012316673
-0.7488995704746932,-0.966104670220838
-0.22897619052615537,-0.3192257914909886
-0.47658863252818806,-0.5060424018560004
-0.36399305005627225,-0.7798961509446465
-0.13610996271576847,-0.4175417196039162
0.2916447725729685,0.2738046349094865
-0.20972451347136278,-0.9210809342182014
-0.8995479770720525,-0.854196329264193
-0.13822495267638812,-0.5025714548247402
0.9012142938751122,0.14687577624657222
-0.2530841097345895,-0.4893272524735117
-0.13894132307558493,-0.7148117118361825
0.01884425629957942,0.9933937077059536
-0.945808014993033,-0.5560556761341011
-0.6650348354818605,-0.7908643193311995
-0.5224457084633953,-0.7790517737372107
0.9732602459176938,0.9302373928720911
-0.5170070294862643,-0.9192983462806006
-0.25905579441723603,-0.030954029617957346
0.41812103890183283,0.7419382474921712
-0.5618623817962844,-0.9265572749983577
-0.9095626597876212,-0.947266051005496
-0.21501288718663036,-0.040122330565752984
-0.46050077696602076,-0.8858262878213703
0.01482387743561775,0.7484450493703516
-0.8858905576974914,-0.4356258506135997
-0.7718084302241333,-0.6975063425301309
-0.8297930277604293,-0.22880481497333327
-0.5665203998184487,-0.8085708889596765
0.25879727627052507,0.39149737796923434
0.09746757873317224,0.3837903953853865
0.5023560956168363,-0.8579846709334891
-0.4538583800543752,0.03615753247763087
0.931494419639495,-0.2096894050553899
0.595627297717269,-0.128833370374134
0.09771733015471185,-0.4247345419126436
0.801403728022517,-0.15655814625308917
0.9493811920971029,-0.7290809264106184
-0.6863745893663886,0.6546042994744918
0.5855162271456256,-0.8619081873708005
-0.8430883673657521,0.08899391820773017
-0.3120846268846289,0.4660002144452464
0.9988274515413331,-0.9035759222788879
-0.854473987271613,0.6437201185807124
0.5100838574925566,-0.07892100545171998
-0.867007465266445,0.4822412985801181
-0.9368277103487159,0.8724244924873796
-0.21508362754103993,0.5085299466940454
-0.8356566650471453,0.9357200696900609
-0.6229187885014977,0.34492099605005766
0.3760911141482577,-0.759224842421822
-0.20691443535745968,0.24417340045574698
-0.20765461678148922,0.39093441337972434
-0.5479420043680006,0.28095208435168795
-0.7503583720663034,0.5884213250988108
-0.6903427748045603,0.8894725175661593
0.1774630442626397,-0.24934018416079629
0.23643612663252211,-0.7977546477544195
0.2457809516380005,-0.829305070012464
-0.9329351305284412,0.13977936974263305
-0.22366014758695618,0.28657643688470635
0.6452011213193165,-0.2796187171774742
-0.20432674899568615,0.8390620493120995
-0.618146829856713,0.3892819177874556
-0.08172848752347739,0.9600651505709541
0.06523453291004633,-0.5150589927305407
-0.32509144207154206,0.7413769109148787
0.41447726862679724,-0.6949219141714773
0.9536006570213187,-0.7785588133473687
-0.35666002068090275,0.696084179202968
-0.10657094548295931,0.0030359207003327615
-0.6251761118048356,0.7163541063143279
0.1825508714898585,-0.20199459225973948
-0.44634440552989685,0.18470065718672446
-0.772884815600742,0.3431463911855992
0.9823372522739531,-0.5366565972331132
-0.5063522615961955,0.4818081123041429
0.9110473919098694,-0.9635348346472767
0.09329644037557694,-0.2391989020591807
0.29094459181433563,-0.6457786411859021
-0.45701599491457734,0.8084865828151302
-0.5053193683618333,0.2812303670977747
0.4854130423999621,-0.1490133311038493
-0.3327432083262687,0.58311640518274
-0.5635849308956555,0.7481435466103703
-0.367687790046499,0.014469617376784871
0.5903723895374073,-0.45833549747585156
-0.5785900722655937,0.9148960380761924
0.06458375190290888,-0.7934699822499032
0.5005315278776845,-0.6959028651510164
-0.31366529365468354,0.458346975098896
0.12968226652523285,-0.8685827211432953
0.32760905524361017,-0.05073824850037223
-0.5625687740041454,0.1906065318549781
0.16585211360852625,-0.4937969216407825
