feature 1,feature 2
0.10541415143709054,-0.20689263602007357
-0.22366014758695618,0.28657643688470635
-0.1262985947696409,0.45901645730479346
-0.06386189153141975,-0.0674011741203624
-0.08339871694268708,-0.030607425739906047
0.12679070142528026,0.24922809622906317
0.004854574332752826,0.46297271940623164
0.11072710187526247,0.4384035565445277
0.2728604990872734,0.4129514529738023
-0.3951609774429272,0.12681672896770824
-0.20398941409099436,-0.39416854233361476
0.03260069660239062,-0.35408705411750807
-0.022204336415097226,-0.1964423986913515
0.28513039907038307,-0.157503893411856
0.24681191631888022,0.13875472236456554
-0.10277873809091487,0.4441418764054741
0.18826143070427026,-0.23821828673795697
0.44688732470982395,0.07131319869515718
-0.1144037269125251,-0.4779029475303038
0.49521876035250223,0.005440780184958305
-0.15173865739522796,0.47288847124944566
-0.40120882325663754,-0.2825689491659731
0.3550632277673693,-0.2537547631552328
-0.39790784433137394,0.005262485260260963
0.33039444139240026,0.04613084953823865
0.21705454539293312,-0.30098725582636243
-0.4269174957434312,0.1816665211380215
0.31522578460068673,0.13661720667094324
0.15996757485626256,0.12296917591904744
0.24829781569826803,-0.18117669561751915
-0.07704507075053169,0.27440295361656086
-0.20481120407441145,-0.45156959530265994
-0.16769200364047698,-0.03731169672935275
0.1340325219733356,0.476898418502653
0.05280532187222642,0.46317904351066375
0.14789973213802088,-0.21420978221364195
0.32760905524361017,-0.05073824850037223
-0.06880396373507969,0.08528926941515325
0.20103372086730675,0.33007334909251096
-0.08868649442857413,0.24026519560307347
-0.30813001490607417,-0.2579224740307946
0.41325973975741914,0.22001483415897138
0.2342899732080601,0.4135544337708916
-0.2009624308261304,-0.34641058828444526
-0.39151551408092455,0.04951286326447568
0.21418807217756153,0.09339482542814004
0.10231992383274413,-0.12364277350331099
0.10870810502280137,0.22344149246870448
-0.02546929179989843,-0.14002957175788056
-0.4381309806252385,0.08539216631649693
0.1350816965231163,0.3789299382745315
0.24771864935314603,-0.09646464252554177
0.2654237574972018,0.4077141832686624
-0.428483350814588,-0.13446624080147473
-0.048907925026346666,0.08604916791532635
-0.05684762289968326,-0.17631817170546293
0.2670594215217894,0.07154936814951696
-0.23134670568063664,0.3592945653861397
0.09845332941224094,0.42919184540012467
-0.33399617388360414,0.33897391039638025
-0.3470773835120162,0.03542328676942286
-0.015767413840923616,-0.4835112234020833
0.4832829036720845,-0.014861858493404823
-0.0905202887322818,0.031192057158500486
0.31738726323789,-0.6741311458371406
-0.1089167225162182,-0.5816290691841444
0.6992947813548229,-0.5053037965136047
-0.5760118906026839,0.31470696434025713
0.2413209596491681,-0.5973757843551335
-0.46293248786478536,-0.4250766702054998
0.07898258475067443,0.5814463296779271
-0.6604841898249185,0.039547897112035324
0.6119850995503162,0.10045308431252353
-0.07493056773370421,0.49494187626751307
-0.4707299461492853,0.32393788958773717
-0.3158365025681851,0.6425146093440257
0.9081020545174447,0.2123492689017601
0.5540985713035123,0.7244059473163775
0.18969475900381916,0.47773335426606534
-0.26143845956891787,0.8658497251393442
0.38525190445232904,0.6762305792962204
-0.33687060186561246,0.7100604032398703
0.4243584426950717,-0.5255018250063999
-0.6297341423227607,0.08380189475671629
0.8834514232378501,0.3371452934458281
-0.6371291298204054,0.16608312193938435
-0.49065875590789765,0.6817431588518452
0.01050474489571429,0.6529149322154832
0.3132621474157522,-0.5192021742129862
-0.6277971643074454,0.6052866195914208
-0.32005627241350365,-0.8421211941068889
-0.6009150981417097,0.36045648486258264
0.6450695887683935,0.6079170151050406
0.17368223604175825,0.49087894836866
-0.656641428303393,-0.4553853469612621
-0.825814466408457,0.23413303223560256
0.059319447891239774,-0.5162134117742216
0.6747341595403014,-0.6605431428461537
0.16585211360852625,-0.4937969216407825
-0.43992534089902113,0.7166833535982418
-0.2931572413945638,-0.5262588820510359
-0.8564483875469739,0.3652344424468048
0.707569843409334,-0.5160457393659093
0.541934359909122,-0.012408807271218514
-0.4073837590880198,-0.5327844979001801
-0.2533813674404941,-0.45851065371289246
0.8008361143266609,0.2662029145465359
0.43690789464510016,0.7252809422983579
0.7782558478800199,0.15761350902388105
0.045020362171176886,-0.8907311599980554
0.5005315278776845,-0.6959028651510164
-0.3509763996493158,-0.4609762754154547
0.510274511347238,0.24061910270692932
-0.4350078680542955,-0.29389921679939524
0.6381270277233122,0.08158750997108877
0.6341441418985598,-0.48419434591012034
-0.34749216391770643,-0.4012332525893034
-0.5989505465993266,-0.016810906517126245
-0.2581179836844696,0.8038803934983001
-0.8611523145078133,0.03811958181654074
0.9396420901570894,-0.0924209172327215
0.5455428393301582,-0.5261333501867027
-0.038986105484342115,-0.7901396431636503
0.3765484715604741,-0.7188940648432784
-0.7118424279736009,0.2479969710579648
-0.20432674899568615,0.8390620493120995
-0.4091104450451595,0.5384462956762672
-0.25462296597537204,-0.4804924324793476
