feature 1,feature 2
0.948789615332333,0.9724214889592058
0.4586895881759927,0.9336909995985707
0.8943229258004957,0.7697102353920087
0.18718490710809732,0.3582046382889792
0.9506862669581411,0.6339478145436734
0.3949429233385673,0.3602815435206008
0.772391560930149,0.1860886683735683
0.19808917430076312,0.2472975565805322
0.6839971057801231,0.4569813543232264
0.5639199543159183,0.5034939847916808
0.7906921783063385,0.33292609505367143
0.6282513711823237,0.3702686197489682
0.6475807684425894,0.9101210229699779
0.9312640661491187,0.6167946962329223
0.8419890421931517,0.38919085450657076
0.6131222957228994,0.3175667334214347
0.8368528642908173,0.9018571890050968
0.8642365649672248,0.13026636717841789
0.8587519782551716,0.11352578602785957
0.38525190445232904,0.6762305792962204
0.10674237949954368,0.006264945103080066
0.16638160855419515,0.18568036101622032
0.49636782409769276,0.6133301060536329
0.20103372086730675,0.33007334909251096
0.7877851661019153,0.5771944224490615
0.8019217913809358,0.9923153469975576
0.41325973975741914,0.22001483415897138
0.5890310889814974,0.4141729545333963
0.6060041439156743,0.036016132809249646
0.18127566798927552,0.3220285084946406
0.148575150180422,0.3344246743883621
0.29183448266320244,0.14155660933782377
-0.6297341423227607,0.08380189475671629
-0.8666959188786201,0.03681604389040816
-0.28923086262852116,0.5675835689707944
-0.07598839271173463,0.8945666792236306
-0.6903427748045603,0.8894725175661593
-0.7058530381419241,0.8531752503229888
-0.5019825277818202,0.15340479771551263
-0.6414934885214385,0.3878991810203136
-0.09091787046445354,0.2551161601681269
-0.4381309806252385,0.08539216631649693
-0.3183929194939643,0.8615146512071294
-0.4137045394779735,0.7926716370422395
-0.5247249120152007,0.45643269722371915
-0.08868649442857413,0.24026519560307347
-0.07213724637533447,0.8184404117231203
-0.8293006638427123,0.9937485036918947
-0.4091104450451595,0.5384462956762672
-0.8356566650471453,0.9357200696900609
-0.8843111011056788,0.9155796019764078
-0.3210996149143879,0.6296502274930245
-0.8217511357679668,0.5105408409936159
-0.6014593270663984,0.7549400933089638
-0.9617102640063266,0.5582051727915736
-0.9525844927109632,0.6698944113888075
-0.3459336768735226,0.33518677112716944
-0.7541586430692249,0.7773181605307973
-0.3722438469699454,0.3821116254785235
-0.0227136191906685,0.5408148356155864
-0.15173865739522796,0.47288847124944566
-0.6714684041380141,0.6291494404627642
-0.39746947847999925,0.19671496859551763
-0.08786003156592814,0.5703519227860272
-0.5706082250732891,-0.8655316398188777
-0.9872282565663328,-0.42592373365017444
-0.005502988215229099,-0.3982433803664607
-0.7559235303104423,-0.00964617977745963
-0.8482733437826722,-0.7422405561787015
-0.47658863252818806,-0.5060424018560004
-0.9380884181613129,-0.22402648010626103
-0.07260319012003569,-0.29329554394789437
-0.8317446754812343,-0.2137921848811979
-0.679856730090854,-0.07688505116042021
-0.16844979295335616,-0.14211133313971147
-0.26037348802564675,-0.8952899596250552
-0.32194041790259864,-0.3015808507746782
-0.09832125719173579,-0.7735239083184895
-0.22897619052615537,-0.3192257914909886
-0.22288379745930853,-0.1026127547549387
-0.823014995896161,-0.6080342751617096
-0.6581271951583034,-0.1637104236744007
-0.5493661400975298,-0.498066677319404
-0.4825767156891181,-0.13119336198678044
-0.27953216239914425,-0.45921342723094893
-0.5424036690167551,-0.846040180342414
-0.21551190980053536,-0.12505015595254187
-0.6517813293318313,-0.8032087005732054
-0.20398941409099436,-0.39416854233361476
-0.14954362912461217,-0.9248578192021852
-0.9739961529785279,-0.8289829382910638
-0.9648952732667422,-0.4133827784388706
-0.06386189153141975,-0.0674011741203624
-0.43025419607615434,-0.38542007014742685
-0.3309774225161357,-0.9476065829358704
-0.2549334524808984,-0.862572644552078
0.1432253789397997,-0.44004181267943165
0.18732158241707686,-0.9797376319445132
0.7287164996792741,-0.05358018661688568
0.2903455808188997,-0.6512671419900171
0.9212539510263995,-0.6061485910931432
0.7293178437162802,-0.6901493777131147
0.2896652080446276,-0.20973818477699346
0.6516335011295253,-0.7422602650531096
0.2966360149041911,-0.8517891548502659
0.3479884162914608,-0.8748703155610968
0.176404533896781,-0.03805422022775251
0.9754447794720631,-0.1444537325282753
0.06314430537346238,-0.9346818784310083
0.6766574094222757,-0.06261368041005944
0.24550680647968215,-0.5546478417538301
0.10760448142475254,-0.3889513786839529
0.5469462513732013,-0.7382526785633003
0.41864165694521915,-0.6653573919978792
0.8934674578467912,-0.7881883911924847
0.3480398381175853,-0.896328401760542
0.23625648091579166,-0.283674563934319
0.3760911141482577,-0.759224842421822
0.6779946554360214,-0.9771640330918527
0.03816357027243611,-0.041636244740538064
0.33511547704205435,-0.6553602575967403
0.5124272279003537,-0.08295398223621864
0.19216391047661197,-0.1323121542895116
0.7570311226026958,-0.19171935669793405
0.24258489809922024,-0.3319000686624616
0.7744254851526531,-0.05557014967610141
0.8736449240661837,-0.8954842414279525
0.18631643807893639,-0.8933040060222046
