feature 1,feature 2
0.21547358975771824,0.02537702203301717
-0.16079987514442018,-0.5045380209976851
0.6722354064144975,0.6427767258013886
0.4316499293641771,0.818065041331282
0.541843689288104,0.6895664562337753
0.6222475398669418,0.27190941432745697
0.4798082415338607,0.8361531043983013
0.4374792357070605,0.4648020981167582
0.6282513711823237,0.3702686197489682
-0.7155012626256076,-0.7572301211551422
-0.43593085485738703,-0.6451209124405544
-0.6084440286329078,-0.9848742500437158
-0.22264542062103598,-0.4573019364522082
-0.5507903541200361,-0.0951209677346132
-0.9616154463538866,-0.48037358250993156
-0.653007899289956,-0.24049695416136507
0.45411352323078025,0.12414558880514215
0.17172957690703838,0.2495677255788049
0.2075909058987755,0.37317982698521357
0.6647270793219899,0.6112976107266839
-0.2009624308261304,-0.34641058828444526
-0.24883409472011198,-0.812036120318262
0.30194693430190833,0.09086373881381093
-0.9091072393170843,-0.43807362081553936
-0.6912745694515954,-0.03771979629036504
0.2255916710730208,0.8769643164283092
-0.6310474937327213,-0.27552911669542324
-0.8354553514458762,-0.08083188557275389
-0.6309579612872454,-0.5813013533265794
-0.7438085072676,-0.3234649880110032
-0.8069310596091184,-0.516212343482322
-0.1545427262121355,-0.30695166409456354
-0.6406337822595161,-0.5249133501522447
-0.7882513635737414,-0.2902046330268919
-0.7759221956638953,-0.20428880190851673
-0.9390726273820797,-0.5911032550714539
0.15996757485626256,0.12296917591904744
-0.9036279752134075,-0.27989906819804333
0.6131222957228994,0.3175667334214347
0.4579621233116329,0.7233818075746905
-0.29015067824597995,-0.896021296044585
0.7242552345309012,0.6190321494497562
-0.7272570488264605,-0.9709106686642361
-0.3934497048648089,-0.7979083779787066
-0.16844979295335616,-0.14211133313971147
-0.7776050353876973,-0.0147497914182817
0.6443597736328466,0.7006960022397908
-0.7710247238681898,-0.23232223391004103
-0.25462296597537204,-0.4804924324793476
0.05280532187222642,0.46317904351066375
-0.34749216391770643,-0.4012332525893034
-0.25145840848775936,-0.25871570586621817
-0.26037348802564675,-0.8952899596250552
0.1350816965231163,0.3789299382745315
-0.8175877939026193,-0.01115939059483706
-0.48463422297757264,-0.07475408652136739
0.6508313282478961,0.689742695510458
0.6550757911337486,0.4672287611228041
-0.9079947159564945,-0.9185423953620597
0.8493872365571256,0.754678706761962
0.27188065365342173,0.19860423227887547
-0.7587282577987984,-0.07844246393454846
0.6381270277233122,0.08158750997108877
0.30284077670372844,0.6594836074144033
0.2701873017352876,-0.909391980455911
0.06314430537346238,-0.9346818784310083
0.3174155510017522,-0.003608567093722037
0.8858194078250383,-0.35359413595848954
-0.9756910506203673,0.9397576534152781
0.03816357027243611,-0.041636244740538064
0.5610510304877236,-0.4503879289037278
-0.4603585597435713,0.6500988203601241
0.9745522586298889,-0.6991662177929436
-0.3844083366385087,0.8275768877465186
0.541934359909122,-0.012408807271218514
0.8635074388656327,-0.20596991752561666
-0.38737300244357464,0.5779703198415866
0.5018795967266365,-0.7972542048936817
-0.5479420043680006,0.28095208435168795
-0.7662039185832719,0.8796642472269502
0.7455076791322559,-0.774839219176126
0.9028896513261839,-0.6490167452372853
0.10760448142475254,-0.3889513786839529
-0.7604757363614976,0.7810545614797899
0.15656028199234795,-0.9281154524065158
-0.6388493097453329,0.13589046110525893
-0.9997306139910294,0.022258278474459603
-0.8352379087683146,0.3609986041494262
-0.7058530381419241,0.8531752503229888
0.5615231721368796,-0.08039915246135965
0.6947758611427475,-0.8752118628034455
0.8247266912333819,-0.5786756219886668
0.8290973276971179,-0.13195805458248233
-0.9329351305284412,0.13977936974263305
0.3768047928554721,-0.13034532279250755
0.5049366751729887,-0.8974123020375688
-0.9773949268219551,0.5747439162985459
0.3765484715604741,-0.7188940648432784
0.2687273777433743,-0.5558482586133588
-0.9588310114083951,0.9398197043239886
-0.6968098503998013,0.751766167034114
0.09329644037557694,-0.2391989020591807
-0.8286835008071389,0.7883817493282366
-0.16483844843014328,0.7582366151243294
-0.5055378511936459,0.7414998025450228
0.5015392984221114,-0.7490274064016986
-0.5237066926686074,0.8168691037587505
0.0781891054720174,-0.4350551472599926
0.5783424772146766,-0.003115602141885443
-0.250919762305275,0.9014286128198323
-0.9160975531367275,0.9369775551887676
-0.4269174957434312,0.1816665211380215
-0.5801888138088285,0.7961085788814275
0.3132621474157522,-0.5192021742129862
-0.6503227454791749,0.005132152926884848
0.15424517207664157,-0.2857576813989944
0.592482901082737,-0.4561079211631025
0.6884246505722862,-0.031958854981191775
0.694121653967799,-0.9528100707089417
0.9679552959196565,-0.18133198736991396
0.275376493791871,-0.5159558400382456
0.9752991274721157,-0.919781617175035
0.7801940703676167,-0.3082450785242852
0.6786769847120047,-0.9923601546828338
0.6493619318502983,-0.3043815841956139
0.8561672806520995,-0.5507687763122961
-0.3599007979387765,0.791046456992401
0.24258489809922024,-0.3319000686624616
