feature 1,feature 2
-0.14954362912461217,-0.9248578192021852
0.001207142309415099,0.3592406654702156
0.22683039187157972,-0.16351392741876225
0.05280532187222642,0.46317904351066375
0.20103372086730675,0.33007334909251096
0.5747740535046657,-0.09130915386468974
-0.05684762289968326,-0.17631817170546293
0.32382726527402306,0.5023542739080855
-0.16145667766795602,-0.9637519179085405
-0.3120846268846289,0.4660002144452464
-0.25566595232497336,-0.135846234111608
0.5084965193641615,-0.21360959794415546
-0.07493056773370421,0.49494187626751307
-0.06386189153141975,-0.0674011741203624
0.5528948929994493,0.312323675362143
-0.546687195546024,-0.2900073883361254
-0.28437183177290226,0.29563489198105675
-0.983360115545616,-0.1328344147347713
0.06793494509552755,-0.7157257524130847
-0.40490309736235885,0.13004398571803222
0.14374454245437307,0.17553872172439644
-0.513206633562939,0.1146743391460161
-0.598132622681887,0.07165536894616253
0.0781891054720174,-0.4350551472599926
0.9423018147365716,0.12437762212905024
-0.4907186904724723,0.36300544444785854
0.3459332447888648,-0.44923765148916295
0.004390020662485172,0.19077003464008757
0.42048559724662304,-0.3712997736325032
0.39484053449367984,-0.40530198525489847
-0.18578702174874473,-0.8679803117195168
-0.8860425460052634,-0.16278545016334012
-0.34749216391770643,-0.4012332525893034
0.17368223604175825,0.49087894836866
0.06677325753072516,0.7399383192953699
-0.8354553514458762,-0.08083188557275389
0.061875356824187655,0.19026334981136306
-0.8092781574539929,-0.09988272114754948
-0.08175195342663821,-0.39342821830143415
-0.2633055724112974,-0.1353075471933054
0.06484136455043421,-0.1778087947985869
0.16561367016697925,0.9908750323826199
0.3134733290825844,-0.34961987155061025
-0.6926179143115909,0.14521446576404484
0.28513039907038307,-0.157503893411856
0.04878053865516008,-0.11847450612354371
0.5343765778622538,-0.19613817278151569
-0.8966365576627846,0.06270926313629599
-0.3202500724638677,0.4495335430575229
-0.2686385034772574,-0.5492374639864683
0.2670594215217894,0.07154936814951696
-0.13454172796059072,-0.08460078968141205
0.7397927241242566,0.03767611425214423
-0.012906839319762664,0.4045175320633285
0.055402218172599715,0.9859295922386007
-0.8175877939026193,-0.01115939059483706
0.5287067728728547,0.24748616972801818
0.7851179969799555,0.07868448383130144
-0.07928345759614741,0.72912721904534
0.6222475398669418,0.27190941432745697
0.24593316712696556,0.2631204401850411
0.20588575295892309,0.6534147194829749
0.18058988502961548,-0.4638727183542475
0.785116454972949,-0.16110401208537284
-0.7882513635737414,-0.2902046330268919
0.7458916717528166,0.46444977281912236
-0.6714684041380141,0.6291494404627642
-0.2549334524808984,-0.862572644552078
0.5068558445139382,0.537845564215282
-0.867007465266445,0.4822412985801181
-0.8328913249786205,-0.961742067125426
0.4757390371230601,0.6682891940013516
-0.8367400359388208,-0.8792958320188724
-0.7723232130467972,-0.30955371439661583
0.306325581062566,0.8766096368969654
-0.5785900722655937,0.9148960380761924
0.26524378626789624,0.8640562110200349
-0.9712130227404883,-0.7678547189861675
0.9161469602387604,-0.26411849739583104
0.52380362520974,0.6672999238751711
0.6011733982181657,-0.5996995115103798
-0.8619848147743674,0.8815690410062158
0.7293178437162802,-0.6901493777131147
0.49636782409769276,0.6133301060536329
0.5865227008765088,-0.36647664586494666
-0.6459790314465064,-0.8225949324858888
0.3085851046499237,-0.6957914335554543
-0.865847045223145,0.4999209407983556
-0.8873934486363253,-0.7623641674638562
0.4993036634858494,-0.7398275197387361
0.5444895385933148,-0.6025686369316552
-0.5625803993528335,-0.6343244402623658
0.8414793006852708,-0.919881761898611
-0.5386603765644826,-0.6469439359889835
-0.7071274867943678,0.665859431148456
0.37265439337219486,-0.8607177036751885
0.9898156452928706,-0.6522095015610254
-0.44942357309627967,-0.6875868626267561
0.7840931103542266,0.2622772519945258
-0.43593085485738703,-0.6451209124405544
0.7971212093496787,0.5663968265972519
0.9097305613263882,0.475793833391537
0.6289369651778716,-0.43629045045320014
-0.9380884181613129,-0.22402648010626103
0.5831580874516971,0.5792362855891078
-0.6083338317314599,-0.7183941022146478
-0.9000419426806425,0.6872993281036475
0.6057068971960229,-0.9907359539907943
0.4073995592581019,0.9405142194521141
0.9579622303496178,0.20698619208675728
0.3173227098795339,0.863109828618962
0.7841693778804688,0.9106693730078566
-0.32679144361215884,-0.7311706461220515
-0.9266335942188042,-0.4951261113119585
-0.5618623817962844,-0.9265572749983577
-0.8379075681847041,-0.5596335961003773
-0.7199518048933646,-0.44637138441738844
0.2457809516380005,-0.829305070012464
-0.7964350547591925,-0.694281721631336
-0.5737905919498334,-0.9377318342309773
0.7160465420144584,0.995256594804313
0.7130744474958537,0.40233972318051947
0.8789978831283782,0.7896547008552977
-0.5456408859529702,0.6740822504858801
0.9008229681531175,0.7805275677818326
0.5249173714813811,0.7535312735234989
-0.8763830786215547,-0.815278943777243
-0.30983250897353254,-0.9397922555773621
