feature 1,feature 2
-0.8995479770720525,-0.854196329264193
0.4387072447383171,0.7805161060356043
-0.8066471007065608,-0.09925812748362972
-0.09832125719173579,-0.7735239083184895
0.2070576130022419,0.31901196330265424
0.6537171219455062,0.04947127532286433
-0.9616154463538866,-0.48037358250993156
0.09286063215569462,0.9340705505122924
0.07479120587584576,0.839711232825521
0.8892284389480465,0.36649605657929163
-0.5886254756088898,-0.7572271636811871
0.7601581751229165,0.30175473809438835
0.4629929280862781,0.6489430352090981
-0.12467734370359307,-0.5300531900080945
0.8057899903839745,0.7045277487823629
0.34503691215407684,0.50474905887536
-0.06386189153141975,-0.0674011741203624
-0.9122001147139898,-0.6685004403596881
0.7288664937367282,0.1738730131178141
-0.21694860364434132,-0.1747563183027525
0.7723635442586902,0.8686082283349805
0.7782558478800199,0.15761350902388105
-0.9168542818992158,-0.7033135980758223
0.3933016477537845,0.8449987623545914
-0.1089167225162182,-0.5816290691841444
-0.12173018285956316,-0.24611114115018484
0.8854635482702513,0.2992932979847369
0.43194445769479506,0.3178478838203027
0.2255916710730208,0.8769643164283092
0.6763099499772851,0.605621869649001
-0.2931572413945638,-0.5262588820510359
0.9495863242935663,0.30065137269387376
0.4073995592581019,0.9405142194521141
0.5772299293448129,0.03453811288321873
-0.9161695665674849,-0.16163424819575734
0.9849670043167504,0.8540019358485906
-0.01427083110510674,-0.1914205054902618
-0.9158136207272762,-0.9642521305331724
-0.8988537923515423,-0.14775752409553844
0.9391692555291171,0.5502656467222291
0.9579622303496178,0.20698619208675728
0.2372227564303686,0.5054332791152825
-0.36610682441776143,-0.13080807828257646
-0.8367400359388208,-0.8792958320188724
0.9009183411505914,0.1632445859783871
0.10870810502280137,0.22344149246870448
0.6647270793219899,0.6112976107266839
0.5477593114603128,0.20384686203026314
0.5896226070832968,0.005274186210384224
0.040615401807586604,0.5446367834712786
0.38789688893420005,0.08544888669519235
0.7840931103542266,0.2622772519945258
0.4920897585308466,0.16673753019431925
-0.45838734392605485,-0.5048804594402272
0.08181000767616164,0.3928596140722145
-0.5822345519896726,-0.2625856582704096
0.6119850995503162,0.10045308431252353
0.546283747837343,0.03592105542515789
-0.8227991406407655,-0.5587760945775775
-0.9706132226900923,-0.24181190265612762
0.19579995762217028,0.8437484700462337
-0.2026739444553738,-0.7072520156755018
-0.6966502405344976,-0.37655586440890354
-0.3436144927813769,-0.13196126765224947
-0.08110646318802672,0.5700330876741138
0.8894640445828206,-0.06519697750026054
0.9460211095048912,-0.2138045506664792
-0.963779632358319,0.744247817888303
0.9017271245008207,-0.6978842164381995
-0.25498213689306826,0.8572611242307882
0.41544270053505494,-0.8755935476705945
0.11541765250008784,-0.3054459219389849
-0.7506746375934663,0.8416837652347446
-0.7503583720663034,0.5884213250988108
-0.8647748728155702,0.6007130156447231
0.03489270351008256,-0.13914517935801962
-0.7644978342197177,0.1530329510285071
0.8651097568386241,-0.7627124685168394
-0.8170263252044903,0.7549217252607607
-0.9525844927109632,0.6698944113888075
0.7570311226026958,-0.19171935669793405
0.4175313104583085,-0.9832726362462858
0.275376493791871,-0.5159558400382456
-0.09047131489467786,0.34957260433482107
-0.8619848147743674,0.8815690410062158
0.1979570163544211,-0.7701340058808663
-0.7625818089817771,0.9611364541214471
-0.5635849308956555,0.7481435466103703
0.16585211360852625,-0.4937969216407825
0.41809252344486536,-0.7862461538105123
-0.08965601653268718,0.33552118320630586
-0.216281253623948,0.7913495552375573
-0.5947347317293137,0.17517174221880372
0.8083173889874968,-0.3034890659533993
0.9898156452928706,-0.6522095015610254
-0.4538583800543752,0.03615753247763087
0.10541415143709054,-0.20689263602007357
-0.5130354068474015,0.8540690895926133
0.4832829036720845,-0.014861858493404823
0.10409436170396047,-0.12774694172936663
0.5018795967266365,-0.7972542048936817
0.9536006570213187,-0.7785588133473687
-0.8848824799667114,0.09905776464747107
-0.6414934885214385,0.3878991810203136
-0.8308692438055243,0.21369391108027824
0.5607522471419608,-0.08400848199285704
-0.022306839486159635,0.3337285150922087
0.8378530672791089,-0.49551795965327683
0.05408292782330326,-0.14783323221925704
-0.869896814029441,0.8977710745066665
0.6335589330112721,-0.6367720644867947
0.9044435713951893,-0.9151554035862166
-0.6968098503998013,0.751766167034114
-0.48065832209917203,0.939447265595954
0.4124844543129924,-0.8373024387162005
0.2558007789818155,-0.8364819361022562
0.6057068971960229,-0.9907359539907943
0.41864165694521915,-0.6653573919978792
-0.5479420043680006,0.28095208435168795
-0.8397703072306497,0.7896333121210553
-0.372249006555059,0.0760454107278059
0.7801940703676167,-0.3082450785242852
-0.738579246519601,0.7732084304809335
-0.6451424610605863,0.09005383779387666
-0.9822734297730622,0.9956417113639564
0.5597019777866996,-0.9207623493032857
0.9363868558294435,-0.6289489685937577
0.24771864935314603,-0.09646464252554177
