feature 1,feature 2
0.9688043614071042,0.05138036460537165
0.7877851661019153,0.5771944224490615
0.5636477266898712,0.2882984429518318
0.12459363175581961,0.9152505690107604
0.3170810313401098,0.5322318655911724
0.4039337545154067,0.5915853388722021
0.5540985713035123,0.7244059473163775
0.45921235667612814,0.27511494271042625
0.9320950102573544,0.522075580501566
0.9391692555291171,0.5502656467222291
0.7547461438559109,0.4815372355084089
0.7247274174934903,0.8990412473152842
0.5422456317037732,0.309301373731909
0.019708019100915353,0.002551289251458755
0.9461535958245966,0.5185850138369472
0.818909221874484,0.4442864709118117
0.6222475398669418,0.27190941432745697
0.7911256962636775,0.8183505281071715
0.4234456114920975,0.9622874635836438
0.7774961597379544,0.9113029964595067
0.7259936627177441,0.7721868706264163
0.6381270277233122,0.08158750997108877
0.001207142309415099,0.3592406654702156
0.9495863242935663,0.30065137269387376
0.8781353970257924,0.5975664715473308
0.18127566798927552,0.3220285084946406
0.21417915743750804,0.26261510618397743
0.7741728485302346,0.5597510917152477
0.022684797721875594,0.0030325893743992083
0.7397927241242566,0.03767611425214423
0.7410539325387684,0.2628378424367528
0.9012142938751122,0.14687577624657222
-0.4907186904724723,0.36300544444785854
-0.092020177600602,0.5248939173497369
-0.8217511357679668,0.5105408409936159
-0.956353206449021,0.3275793723511782
-0.41106848091616466,0.8969066139243134
-0.20691443535745968,0.24417340045574698
-0.28437183177290226,0.29563489198105675
-0.9259847305690148,0.19253975696410608
-0.4869398751115044,0.30834920294814894
-0.4137045394779735,0.7926716370422395
-0.5237066926686074,0.8168691037587505
-0.451856821315618,0.614141807733406
-0.49428376349977765,0.1552635086888452
-0.5575811163607955,0.975336015993294
-0.10938948999466902,0.029634707859380383
-0.3022634669140094,0.8590582884956517
-0.5514130334299099,0.32609438360684484
-0.26443373456149355,0.26461166118715895
-0.3120846268846289,0.4660002144452464
-0.1330555344887312,0.9943647078059008
-0.4381309806252385,0.08539216631649693
-0.542249075033002,0.19370375377551885
-0.23875341304683984,0.755948640890139
-0.2815825060346193,0.6471044532236381
-0.7602178130545758,0.4698516947897884
-0.5427143889930746,0.34340136881171346
-0.8960574326970552,0.08259267060214093
-0.7541586430692249,0.7773181605307973
-0.3844083366385087,0.8275768877465186
-0.7636703447566875,0.3934743307283013
-0.7142480773211766,0.5506923008062712
-0.5860148431231464,0.03314525689195813
-0.5665203998184487,-0.8085708889596765
-0.8329501706399625,-0.5777481148839252
-0.9376337298774307,-0.47547191140034983
-0.8904767223559373,-0.32960551670819815
-0.8260264801771797,-0.1830935738586026
-0.20603696585143316,-0.10559491899032869
-0.9079947159564945,-0.9185423953620597
-0.6705872931354082,-0.3395698702570049
-0.7882513635737414,-0.2902046330268919
-0.7733929905450716,-0.1927979952768175
-0.1089167225162182,-0.5816290691841444
-0.7723232130467972,-0.30955371439661583
-0.6294592892333526,-0.4427138737699272
-0.812650464343815,-0.26456839388113296
-0.45167866688038827,-0.8411612620220268
-0.1863903980965529,-0.3435337886433212
-0.7432114210917495,-0.7917807012316673
-0.40541841938533274,-0.8158660278350491
-0.9036279752134075,-0.27989906819804333
-0.5989505465993266,-0.016810906517126245
-0.6959502937427038,-0.8773007457786637
-0.032021263640505726,-0.9893730486633081
-0.7319695430987185,-0.942434647373322
-0.6241592383693539,-0.8460566612382519
-0.01436083093435081,-0.4001158604459547
-0.26448129824542077,-0.17174049494214594
-0.5967453599045109,-0.672688114268591
-0.8749474085143085,-0.08211896680635933
-0.5386603765644826,-0.6469439359889835
-0.9327727996334347,-0.874693593089291
-0.17290179694929697,-0.7562278133261049
-0.46050077696602076,-0.8858262878213703
0.11811856989320435,-0.357675694728093
0.12968226652523285,-0.8685827211432953
0.6783607899605972,-0.6786408305763096
0.9944757998072054,-0.9399479893412144
0.8561672806520995,-0.5507687763122961
0.5591689471335066,-0.2997494816665398
0.29094459181433563,-0.6457786411859021
0.04678182274873288,-0.7704622562615651
0.2558007789818155,-0.8364819361022562
0.4563775124072067,-0.009017367587603076
0.10845302826403325,-0.9895407729141745
0.612807234465679,-0.08152024480608389
0.06517886510317172,-0.8963529263551462
0.8332704716824146,-0.13802955897340752
0.42048559724662304,-0.3712997736325032
0.32760905524361017,-0.05073824850037223
0.36946234510775855,-0.6747661213102174
0.6019614008067298,-0.7910909637996972
0.5726900288311041,-0.821177995375481
0.27280274036681407,-0.8977292371157986
0.9856336779981407,-0.7370217602040368
0.4286532714699951,-0.07656771237376181
0.6413923215335586,-0.04529920375519736
0.39123629299361373,-0.9935634727914426
0.2970096402373763,-0.4651959442849174
0.33617027314129233,-0.5900314091683581
0.3479884162914608,-0.8748703155610968
0.9248945898842225,-0.4964354083492717
0.14252093987419467,-0.7139977546685472
0.16093520198739197,-0.721606597308609
0.9259840077179893,-0.3162556679226278
0.9467652383296423,-0.06998096494714479
