feature 1,feature 2
0.41325973975741914,0.22001483415897138
0.5220158469907841,-0.25655186719531353
-0.36226636335772233,0.16439749318822772
-0.8715821258497318,0.16394280382879756
0.5965903579335503,0.2999278615555303
-0.48244003679996617,0.32504456870796394
0.763855516609288,-0.1450206241587697
-0.3855671659574582,0.09291708345624872
0.27188065365342173,0.19860423227887547
-0.13739658731797078,-0.24191902923392994
-0.3744440215792919,0.3086840109854394
-0.17923415392874054,0.5111022770860973
0.39231229027585046,-0.23440247112722434
-0.3297622914817162,0.48701651258321554
-0.428483350814588,-0.13446624080147473
0.17890797896939437,0.22658336977475813
-0.41357845660387094,-0.3426709092601681
-0.22366858774600895,0.3482605910721259
-0.5427143889930746,0.34340136881171346
-0.17920634602067698,0.9647572338172128
-0.02546929179989843,-0.14002957175788056
0.22683039187157972,-0.16351392741876225
-0.9365124692540228,-0.153329711693605
0.09771733015471185,-0.4247345419126436
0.7378099689574364,0.14121949327765937
0.02770892841353545,0.017781111182111786
-0.16844979295335616,-0.14211133313971147
0.025335451912832818,-0.4130223535837567
0.19808917430076312,0.2472975565805322
-0.5249117382513451,-0.25349641674131984
0.24593316712696556,0.2631204401850411
0.2158104281814075,-0.3812545642744358
0.18127566798927552,0.3220285084946406
0.26680170863345154,-0.5197087624436139
0.6419620345982817,0.13321051781092597
0.1707087287935043,0.7365425610265173
0.14349196628749739,0.6656607535765422
0.5747740535046657,-0.09130915386468974
0.3459332447888648,-0.44923765148916295
-0.18074221020953596,-0.37756500987321284
0.388301147019662,0.025309506290105865
0.4771949162646614,-0.3687453124733
-0.8317446754812343,-0.2137921848811979
0.04678182274873288,-0.7704622562615651
0.9760719323111837,-0.09199675760777026
0.01050474489571429,0.6529149322154832
-0.7780210615730379,-0.10588891238714915
0.06523453291004633,-0.5150589927305407
-0.6388493097453329,0.13589046110525893
0.5287067728728547,0.24748616972801818
-0.4801900415143343,-0.309615583011579
0.3234373652879132,0.20489888393317557
-0.08752698208891596,-0.2618939564781668
0.19015586140050966,-0.8971483730314993
-0.48463422297757264,-0.07475408652136739
0.2670594215217894,0.07154936814951696
-0.546687195546024,-0.2900073883361254
-0.16483844843014328,0.7582366151243294
-0.5469567479277886,0.22794061265046528
0.022684797721875594,0.0030325893743992083
-0.44952163792598343,0.41887772926794953
0.14608440123803135,-0.3495776074475774
0.19645058812747762,0.4713262284783797
-0.8966365576627846,0.06270926313629599
-0.45701599491457734,0.8084865828151302
0.8019217913809358,0.9923153469975576
0.7801940703676167,-0.3082450785242852
0.9272399541785057,0.7060189109347201
0.7435671331844034,-0.5615720252839114
-0.6517813293318313,-0.8032087005732054
0.8301214650344448,-0.4976614649031974
-0.3183929194939643,0.8615146512071294
-0.7868139393840186,0.31569060920607206
-0.8232301060309626,0.3978976569747712
0.4993036634858494,-0.7398275197387361
-0.46594345966115736,0.757259972710316
0.6423965651004531,-0.9968697896170542
-0.24883409472011198,-0.812036120318262
0.9752991274721157,-0.919781617175035
-0.3893786466065374,-0.5747112472578078
-0.24748082893816847,-0.8329985666026625
-0.5513628822929475,-0.5478418579788746
-0.5408036784920627,-0.76489739969956
0.36651752731919185,-0.8477382810193996
-0.32944189984340855,-0.8659669244975801
0.818909221874484,0.4442864709118117
0.6854238043211098,-0.37330416482971374
0.9248945898842225,-0.4964354083492717
-0.543840456102135,-0.5759103201835467
0.4039337545154067,0.5915853388722021
0.323555464943277,-0.8463939033711569
-0.8970424975000213,-0.44270707152677713
-0.8574865444694828,-0.9757830495302251
-0.3022634669140094,0.8590582884956517
-0.6635926884669636,0.758660431356948
-0.6684509196734485,0.8913962940005646
-0.7386953123530742,0.58101958854977
-0.45167866688038827,-0.8411612620220268
0.7458916717528166,0.46444977281912236
0.5738067725105902,-0.36918620850397454
-0.6792691877605137,0.3472908349498154
-0.2644280244876942,-0.8838160958393004
-0.8750848127618571,0.7669295259721214
-0.5386603765644826,-0.6469439359889835
0.5974283833091492,-0.4143559265980705
0.292917483275861,0.9483888876327142
0.7471572482135544,0.8417448010636264
-0.9389995001219011,-0.9253036225015712
0.8874031856404416,0.9202712088108944
-0.7662039185832719,0.8796642472269502
0.8943229258004957,0.7697102353920087
0.600141937398319,-0.5919287307422023
-0.9783778327296073,0.6531021483829285
0.518010565043862,-0.7949680718670511
0.5469462513732013,-0.7382526785633003
-0.5391666757653002,-0.9970523558273772
0.5865227008765088,-0.36647664586494666
0.6298794570810784,0.5560504862893063
-0.9872419131868186,0.9567095741137133
0.9132292421669159,-0.8620839672871576
0.8561672806520995,-0.5507687763122961
0.4479461109321876,-0.7588831671926195
0.42950655288789163,-0.8630990948679664
0.5217026618615634,-0.6245551886154959
-0.45274666743666825,0.9942490003154223
-0.46201319112980466,0.5951182012743763
-0.2952501067806912,0.6828951061695199
-0.5359636393823786,-0.97123710785583
