feature 1,feature 2
-0.1262985947696409,0.45901645730479346
-0.37128803784734665,0.01714138232940554
-0.16245895021585377,-0.2337229435010051
0.33039444139240026,0.04613084953823865
0.1340325219733356,0.476898418502653
0.28513039907038307,-0.157503893411856
0.10500193481577824,0.04033978462150234
-0.08349421901696674,0.09123357863186987
0.3033336507517701,-0.2629473125524777
0.27188065365342173,0.19860423227887547
-0.25905579441723603,-0.030954029617957346
0.0068345417097137595,0.3807896572587306
-0.01436083093435081,-0.4001158604459547
-0.20603696585143316,-0.10559491899032869
-0.33399617388360414,0.33897391039638025
-0.17036099532466964,-0.45318585613858753
0.03844914156041024,0.21550536619130511
0.4747141547755993,-0.04796374126246694
0.21547358975771824,0.02537702203301717
0.18339432461265104,0.40526754617103267
0.32760905524361017,-0.05073824850037223
0.15424517207664157,-0.2857576813989944
0.06484136455043421,-0.1778087947985869
-0.37636773382948085,0.012283725680488189
-0.13739658731797078,-0.24191902923392994
-0.09091787046445354,0.2551161601681269
0.24014551185702704,0.06692218395264304
0.15257672033362635,0.2134300927657118
-0.22119012204224942,0.08352192853512652
0.08127024322021303,0.2748598029964131
0.23625648091579166,-0.283674563934319
0.1350816965231163,0.3789299382745315
-0.26448129824542077,-0.17174049494214594
-0.048907925026346666,0.08604916791532635
-0.32194041790259864,-0.3015808507746782
0.3818754762049319,-0.22652930739892518
0.24681191631888022,0.13875472236456554
0.3768047928554721,-0.13034532279250755
0.3684660530243138,-0.1196950125207974
-0.3311976420225027,-0.21085536936215243
0.02770892841353545,0.017781111182111786
-0.25765515312474485,0.2021483336004659
0.16638160855419515,0.18568036101622032
0.4073719549215915,0.08139695328982066
-0.3508283401994594,-0.26707693025720425
-0.22897619052615537,-0.3192257914909886
0.03260069660239062,-0.35408705411750807
0.3234373652879132,0.20489888393317557
0.03816357027243611,-0.041636244740538064
0.09845332941224094,0.42919184540012467
-0.1605453661477554,0.2770518953281711
0.22292722245132168,0.3569999365852756
-0.3570085975042361,-0.047126027312416774
0.1155668347400498,0.4613010204784922
-0.31618944378901936,0.05535493244338996
-0.16769200364047698,-0.03731169672935275
0.18058988502961548,-0.4638727183542475
-0.29066759002983433,0.10132675888170306
0.2191286679597937,0.005358046457722976
-0.44634440552989685,0.18470065718672446
0.15380776925271822,-0.0149646123622722
0.23260097185144812,0.11375688634419179
0.21418807217756153,0.09339482542814004
-0.23221755725357718,0.08710572222797719
0.8635074388656327,-0.20596991752561666
-0.7948640748328204,-0.21453851345716757
-0.5386603765644826,-0.6469439359889835
-0.6582248252198684,0.337286439848862
0.6722354064144975,0.6427767258013886
0.6452011213193165,-0.2796187171774742
0.60887441535901,-0.44248025517089395
-0.6309579612872454,-0.5813013533265794
0.5343765778622538,-0.19613817278151569
-0.532575836179134,0.08002382920902118
-0.40552438458276563,-0.4001617769860306
0.05930115671201297,-0.5162954181990966
0.4914675654624643,-0.5950388796695252
0.16484531641449296,0.4961463588590642
0.8834514232378501,0.3371452934458281
-0.14008476044035656,0.6618983421101368
0.31034742904867607,-0.4795268040295413
0.3777706041001814,0.7466458317216154
0.541843689288104,0.6895664562337753
0.6282513711823237,0.3702686197489682
0.28194415469066403,0.6449611272687219
0.3455292288249334,-0.5589914731287058
0.41447726862679724,-0.6949219141714773
-0.05165234182534961,-0.804331678697997
0.45772288453989374,-0.8092014453735787
-0.2026739444553738,-0.7072520156755018
-0.06002346368412681,0.7802822747920293
0.595627297717269,-0.128833370374134
-0.24883409472011198,-0.812036120318262
0.6763099499772851,0.605621869649001
0.3140609964682146,0.7967729331680697
-0.7776050353876973,-0.0147497914182817
-0.479426284867994,0.8143900614116597
-0.25596382841443366,0.5528259214839937
0.901062105172407,0.20130213309671174
0.6574750183038587,-0.28649334661282144
-0.7539934097525087,0.1172847929008507
-0.6549522461072759,0.13594859463216102
0.8455143810267887,-0.025876162362128197
0.5800608726141228,-0.39064172180391843
0.5422456317037732,0.309301373731909
0.16862862384620048,0.802316020981978
-0.07493056773370421,0.49494187626751307
-0.2509035132408375,0.595464526696428
-0.7759221956638953,-0.20428880190851673
-0.6038047344805197,0.1306605091432198
0.275376493791871,-0.5159558400382456
0.14012234017872993,-0.8056470124584629
0.572411304522116,0.4688878641511829
-0.39160256072743826,-0.39211497548994534
0.11408102655007024,-0.537238727246304
-0.27081254360492,-0.5642148914900198
-0.6621298738556709,-0.44281932193608275
-0.8611523145078133,0.03811958181654074
-0.25777412313974435,0.8415332169267147
-0.5646652008389279,0.323368576799713
0.2693425465078829,-0.66809020940843
0.8654210162655227,0.08850793222739539
0.7782558478800199,0.15761350902388105
-0.20615344759680787,-0.7345684919138793
0.3538815659936747,0.6758167497036072
0.2701873017352876,-0.909391980455911
0.25911539378347315,-0.8913359303541923
0.5540985713035123,0.7244059473163775
