feature 1,feature 2
0.040615401807586604,0.5446367834712786
-0.5224457084633953,-0.7790517737372107
0.7601581751229165,0.30175473809438835
-0.3723463835511689,-0.5169987440143331
-0.9912734606993818,-0.6660938225056026
-0.23896458026021095,-0.673929326136818
-0.038986105484342115,-0.7901396431636503
-0.8016438008255682,-0.1970113682774235
0.5135030113772701,0.03877171900787468
0.16190075977635865,0.9813583141315316
0.693937708414121,0.7861804103908299
-0.2780522061199464,-0.8168358533467317
0.7415069006745183,0.5647709681165469
-0.8828981415120416,-0.3315233626078784
-0.5842274897079454,-0.9469355922523606
-0.13454172796059072,-0.08460078968141205
0.546283747837343,0.03592105542515789
-0.0666137582311832,-0.03573580216031624
-0.4814064822684525,-0.14068637452212984
0.040327002223986774,0.7043630006370802
-0.21501288718663036,-0.040122330565752984
0.9398287956292064,0.6842378462714174
-0.9751919274453704,-0.06246406907098834
0.1155668347400498,0.4613010204784922
-0.01436083093435081,-0.4001158604459547
0.6999507429613239,0.33804467465821664
0.43194445769479506,0.3178478838203027
-0.4628756650927148,-0.7980437863644778
-0.5092953716675779,-0.8845356815497656
-0.21551190980053536,-0.12505015595254187
-0.9739961529785279,-0.8289829382910638
0.5896226070832968,0.005274186210384224
-0.9617678111404719,-0.0463130633643658
-0.014763812014260802,-0.3424967794249836
0.47576996966921237,0.40910885605489056
0.6763099499772851,0.605621869649001
0.09518475230747248,0.6345955399249874
-0.3934497048648089,-0.7979083779787066
-0.15474160597278175,-0.3941381887191415
-0.7102102558175538,-0.02109447944487397
-0.5067927300439508,-0.03184586057959682
-0.2686385034772574,-0.5492374639864683
0.01482387743561775,0.7484450493703516
0.23917590979565917,0.30040218479630676
0.8804604828499152,0.1509483557517579
-0.5822345519896726,-0.2625856582704096
-0.812650464343815,-0.26456839388113296
-0.5340810504927325,-0.951198436886924
0.4097420200867634,0.6342562840311703
-0.25905579441723603,-0.030954029617957346
-0.18209411117146024,-0.6534113598583084
0.4579621233116329,0.7233818075746905
-0.39160256072743826,-0.39211497548994534
-0.06738048771965977,-0.8486005453804251
-0.3038088136634238,-0.2565214101873394
0.6508313282478961,0.689742695510458
0.18339432461265104,0.40526754617103267
0.38525190445232904,0.6762305792962204
0.061875356824187655,0.19026334981136306
-0.7026745444937741,-0.17075175254595254
0.5017421355829947,0.5090857481693647
-0.16145667766795602,-0.9637519179085405
0.8087195499877144,0.6348156946122188
0.18969475900381916,0.47773335426606534
-0.8632935993800828,0.5675196849682145
0.3180908202644648,-0.577536337054138
-0.7442663975551649,0.5310935010317217
0.3843226833882638,-0.8754164037398746
-0.6727523576166616,0.5896190974998587
-0.5785900722655937,0.9148960380761924
-0.4907186904724723,0.36300544444785854
0.5504881036698985,-0.5311487999769706
-0.3005935405083009,0.5493070623623637
-0.45274666743666825,0.9942490003154223
0.4651441944205006,-0.5701192428184865
-0.21508362754103993,0.5085299466940454
-0.46594345966115736,0.757259972710316
0.18826143070427026,-0.23821828673795697
-0.6315503215239477,0.7879794200157408
-0.216281253623948,0.7913495552375573
-0.46934772488906606,0.20310775859964814
-0.23801745266320018,0.6168114777873819
0.8455143810267887,-0.025876162362128197
0.8296918021362001,-0.2752122017667338
0.9430653818021013,-0.3373059857938985
0.815132947852186,-0.5014155417022501
-0.3191768877714807,0.021161514919119773
-0.6014593270663984,0.7549400933089638
0.1822606065170329,-0.6277282044933041
-0.9131749342903617,0.2663027511880447
-0.35529231005055406,0.6197488917092697
-0.5030217203710685,0.48789258514535394
-0.8588625051991403,0.2848385564126312
0.5388977881640942,-0.20426859396514563
-0.092020177600602,0.5248939173497369
0.6884246505722862,-0.031958854981191775
0.5891565574003805,-0.9306594665470334
-0.09091787046445354,0.2551161601681269
0.1346244392578071,-0.4868744325972725
-0.39790784433137394,0.005262485260260963
0.9258537504751596,-0.03290870656015055
-0.0514899580460928,0.12135658987789988
0.7804300052723487,-0.42518080706884054
-0.33399617388360414,0.33897391039638025
0.6341441418985598,-0.48419434591012034
-0.022306839486159635,0.3337285150922087
-0.949298513169085,0.9252968293558501
-0.7649475064457902,0.29842060423212713
0.9755710404297746,-0.7271204948865337
0.6766574094222757,-0.06261368041005944
-0.12677162046246782,0.1601776693389092
0.4243584426950717,-0.5255018250063999
-0.6439280662604971,0.9221406349389103
-0.7644978342197177,0.1530329510285071
0.9958682210666749,-0.2985763690965797
-0.8611523145078133,0.03811958181654074
-0.8137944643882016,0.7944315159066535
0.045020362171176886,-0.8907311599980554
0.13907955913420733,-0.48091643364781933
-0.5924670817446218,0.04665926238948259
0.37113057445794273,-0.1393882102010746
0.025335451912832818,-0.4130223535837567
-0.4269174957434312,0.1816665211380215
-0.8794652194208783,0.8688720536110286
0.8934674578467912,-0.7881883911924847
0.9745522586298889,-0.6991662177929436
0.6786769847120047,-0.9923601546828338
0.5998321707463787,-0.6429106758913328
