feature 1,feature 2
0.2448272831319933,0.5626437114946101
0.16093520198739197,-0.721606597308609
-0.6912745694515954,-0.03771979629036504
0.2075909058987755,0.37317982698521357
0.09315428406458981,-0.1343679955810615
0.5220479818859978,0.2524406432628308
0.4972904682524,-0.3648264094777667
-0.05215755976779457,0.43279422391619793
-0.36249499413586017,0.2517827528740182
0.16484531641449296,0.4961463588590642
-0.5469567479277886,0.22794061265046528
-0.5403465484047631,0.10532453555349641
-0.216281253623948,0.7913495552375573
0.10870810502280137,0.22344149246870448
0.37544408486112135,0.4454139153964569
0.176404533896781,-0.03805422022775251
0.16862862384620048,0.802316020981978
0.1825508714898585,-0.20199459225973948
-0.48115313313741503,-0.2406151836654662
-0.6297341423227607,0.08380189475671629
-0.8611523145078133,0.03811958181654074
0.6139309817679872,-0.08067025919467752
-0.25462296597537204,-0.4804924324793476
-0.39160256072743826,-0.39211497548994534
0.22370578944475894,-0.7210122786959163
0.6413923215335586,-0.04529920375519736
-0.1144037269125251,-0.4779029475303038
0.5674765021504729,0.13236138245014173
0.14608440123803135,-0.3495776074475774
-0.3780353565686756,-0.3496333559465059
0.6344444004024317,0.11040162319892466
0.037835410565675076,-0.9060680664498899
-0.18578702174874473,-0.8679803117195168
-0.5760118906026839,0.31470696434025713
-0.44952163792598343,0.41887772926794953
-0.22366858774600895,0.3482605910721259
0.5636477266898712,0.2882984429518318
-0.5597773481904937,-0.2989589314276764
-0.6581271951583034,-0.1637104236744007
0.10409436170396047,-0.12774694172936663
-0.5412684459246553,-0.061785577904842626
-0.6006524356832805,0.02846887682722321
-0.4350078680542955,-0.29389921679939524
0.16638160855419515,0.18568036101622032
-0.08965601653268718,0.33552118320630586
-0.5924670817446218,0.04665926238948259
-0.038826845346704,0.1848155693190352
0.31048396127804345,0.10171474121827861
0.9688043614071042,0.05138036460537165
0.541934359909122,-0.012408807271218514
-0.653007899289956,-0.24049695416136507
-0.46229297123561297,-0.2631021601668422
0.7851179969799555,0.07868448383130144
-0.07260319012003569,-0.29329554394789437
0.5783424772146766,-0.003115602141885443
-0.2179342617452027,-0.5315932581473317
-0.19847387824934803,0.11928066261643577
-0.9772927104651619,-0.06267871601174746
-0.6604841898249185,0.039547897112035324
0.11408102655007024,-0.537238727246304
-0.8345263287636202,-0.03092400983997834
0.2070576130022419,0.31901196330265424
0.2654237574972018,0.4077141832686624
-0.3436144927813769,-0.13196126765224947
0.5504881036698985,-0.5311487999769706
0.7130744474958537,0.40233972318051947
0.572411304522116,0.4688878641511829
0.9320950102573544,0.522075580501566
-0.9551482216758898,-0.2791463457170278
-0.41106848091616466,0.8969066139243134
0.5079238071935679,0.6098135536828773
-0.7602178130545758,0.4698516947897884
-0.541497209534717,0.44450513678613257
0.32843876997793653,0.7633812236870161
0.33617027314129233,-0.5900314091683581
0.9806646075872967,-0.9484608024712977
-0.8692873184021153,-0.36941932433877933
0.6133870393894785,0.9697168055249517
0.9008229681531175,0.7805275677818326
0.4039337545154067,0.5915853388722021
0.43690789464510016,0.7252809422983579
0.7906921783063385,0.33292609505367143
0.6124025595861227,0.4965193807673167
-0.8286835008071389,0.7883817493282366
0.9130027965989602,0.4750167189180139
-0.26143845956891787,0.8658497251393442
-0.5962930957541033,0.3468648666498346
-0.9266335942188042,-0.4951261113119585
-0.32005627241350365,-0.8421211941068889
0.5425406933718915,-0.8519106965318193
-0.9312229577695632,0.8186408041575641
-0.9986932184774009,0.7413380682510353
-0.545460745473697,-0.8536081524631127
0.3760911141482577,-0.759224842421822
-0.8011172144813097,-0.5136556180010918
-0.7503583720663034,0.5884213250988108
-0.8293006638427123,0.9937485036918947
-0.29015067824597995,-0.896021296044585
0.31631964859514694,-0.8597837207174861
-0.5032474792603996,-0.5711870340136709
0.8934674578467912,-0.7881883911924847
-0.4595046157384335,0.9328347717328147
0.41812103890183283,0.7419382474921712
-0.2830685429114548,-0.7682618809497406
-0.8838327756636011,0.7323522915498704
-0.945808014993033,-0.5560556761341011
0.8419890421931517,0.38919085450657076
-0.5967453599045109,-0.672688114268591
-0.5386603765644826,-0.6469439359889835
0.6883408979383943,0.6113403059001064
-0.9557528969420055,-0.3527795617009175
-0.31322659564471156,0.6691435805112553
0.4491965736952579,-0.776814000085505
0.6802161568783998,0.9789022619301129
-0.23158657402839955,-0.9220079748501768
-0.3723463835511689,-0.5169987440143331
0.5455428393301582,-0.5261333501867027
-0.6694310197140851,-0.9960157295618595
-0.5057935319797071,-0.6809106397736233
0.8858194078250383,-0.35359413595848954
-0.8646632761999968,0.41567019445953735
0.2255916710730208,0.8769643164283092
0.7619460112793148,0.7658296330374443
0.6101806369913254,0.645967610083535
0.4097420200867634,0.6342562840311703
0.6818174208058143,-0.557522607107872
-0.6755331884350413,-0.9747849600484819
0.345405988417796,0.5933627943827446
