feature 1,feature 2
0.3187078444115654,0.7902354814130728
-0.7223456547011797,0.2817494896064292
-0.007267505597527313,0.19368569783377843
-0.09047131489467786,0.34957260433482107
0.625971477432187,0.4362461524529888
-0.5860148431231464,0.03314525689195813
0.5612634348511143,0.16754556102822327
0.32982344897443605,0.5908999215794584
0.6298794570810784,0.5560504862893063
0.48576298733587797,0.4758347867080508
-0.03363827337266301,0.6764608421636011
0.21417915743750804,0.26261510618397743
-0.2771924418656273,0.7195893496232912
0.15455805846626247,0.7311542912491045
0.39403148199053595,0.40496816797421853
0.027978978319621595,0.5673060254822861
0.4486776342574823,0.1567738340128182
0.03844914156041024,0.21550536619130511
0.9269984817751766,0.038064560259097435
0.35364259771479123,0.6569385988982341
0.6131222957228994,0.3175667334214347
0.507736165419826,0.15578222538817665
-0.8232301060309626,0.3978976569747712
0.52380362520974,0.6672999238751711
-0.250919762305275,0.9014286128198323
0.6282513711823237,0.3702686197489682
-0.36179905351348873,0.6578309483013547
0.901062105172407,0.20130213309671174
-0.5427143889930746,0.34340136881171346
-0.780527602644993,0.09591897794738591
0.6051713591596257,0.14409728673860167
-0.6932971937678396,0.17245966403359447
0.546283747837343,0.03592105542515789
-0.5479420043680006,0.28095208435168795
0.7113921876750788,0.04289137808717891
-0.8430883673657521,0.08899391820773017
0.6156918838825172,0.5245702695532315
0.6550126397464424,0.39441876381927354
0.1470579029111465,0.9120942872238662
0.2191286679597937,0.005358046457722976
0.510274511347238,0.24061910270692932
-0.6357641686226014,0.5793970142849583
0.0933913641442603,0.8048260665722069
0.11951136727676515,0.05479924424535265
-0.6297341423227607,0.08380189475671629
-0.30531334748231465,0.7996666913745449
-0.5924670817446218,0.04665926238948259
0.21581018558688925,0.5297665230842565
-0.2075159621946825,0.5164769514081826
-0.618146829856713,0.3892819177874556
-0.43992534089902113,0.7166833535982418
0.17368223604175825,0.49087894836866
-0.4869398751115044,0.30834920294814894
0.26680751302084693,0.7429211803754354
0.2011886667212346,0.031358855392995544
0.037581243486732197,0.4060379177903557
-0.15173865739522796,0.47288847124944566
-0.5514130334299099,0.32609438360684484
-0.14363170336537134,0.9333096380873391
-0.2470732662439008,0.6211066615636658
0.2916447725729685,0.2738046349094865
-0.07928345759614741,0.72912721904534
0.10742297071602236,0.08340962482000802
0.772391560930149,0.1860886683735683
-0.24883409472011198,-0.812036120318262
0.11408102655007024,-0.537238727246304
-0.7915503943833047,-0.2309773447103749
-0.6729522548299545,-0.21783692669647858
-0.1476373955280541,-0.09722595134064904
0.1432253789397997,-0.44004181267943165
0.16731222370174414,-0.8445307260700303
-0.13454172796059072,-0.08460078968141205
-0.2009624308261304,-0.34641058828444526
0.2896652080446276,-0.20973818477699346
0.5217026618615634,-0.6245551886154959
-0.05165234182534961,-0.804331678697997
-0.8016438008255682,-0.1970113682774235
-0.6854535836405693,-0.3804242815818015
0.518010565043862,-0.7949680718670511
0.15371476226540048,-0.07203660366622522
-0.8317446754812343,-0.2137921848811979
0.7762363778680716,-0.34941876327650445
0.8290973276971179,-0.13195805458248233
-0.7856559773204479,-0.10517526635309071
0.0706202629051833,-0.569596255965525
0.37113057445794273,-0.1393882102010746
0.4491965736952579,-0.776814000085505
0.2365095430605919,-0.2621727208604552
0.18631643807893639,-0.8933040060222046
0.2903455808188997,-0.6512671419900171
-0.40120882325663754,-0.2825689491659731
0.5288814561510087,-0.18065789324801473
0.1774630442626397,-0.24934018416079629
-0.2780522061199464,-0.8168358533467317
0.22683039187157972,-0.16351392741876225
-0.8904767223559373,-0.32960551670819815
-0.4825767156891181,-0.13119336198678044
-0.13739658731797078,-0.24191902923392994
0.33617027314129233,-0.5900314091683581
0.8387839464288347,-0.006073034188339488
-0.7776050353876973,-0.0147497914182817
-0.30813001490607417,-0.2579224740307946
-0.4099185846916875,-0.027999012404793966
-0.8175877939026193,-0.01115939059483706
0.3132621474157522,-0.5192021742129862
0.3765484715604741,-0.7188940648432784
0.647247221497947,-0.2307778480424636
0.4854130423999621,-0.1490133311038493
0.600141937398319,-0.5919287307422023
0.17670444196630664,-0.20463117113389062
0.5365468277290364,-0.16446643566533248
-0.6095187940870159,-0.3093160955102243
-0.035917883775834936,-0.6078045745232141
-0.7602692653326344,-0.3247696571927441
-0.3723463835511689,-0.5169987440143331
0.42048559724662304,-0.3712997736325032
0.7024138280975374,-0.00970694597205135
0.7570311226026958,-0.19171935669793405
-0.32558684886849587,-0.7143160703713363
0.4747141547755993,-0.04796374126246694
-0.4628756650927148,-0.7980437863644778
-0.44523763403773464,-0.6237576805524774
-0.06386189153141975,-0.0674011741203624
0.19015586140050966,-0.8971483730314993
-0.12467734370359307,-0.5300531900080945
0.2966360149041911,-0.8517891548502659
0.03816357027243611,-0.041636244740538064
-0.004920295707795619,-0.5906397818854321
