feature 1,feature 2
-0.29066759002983433,0.10132675888170306
0.2670594215217894,0.07154936814951696
-0.02825648162734873,-0.4864468645589841
-0.13753226041688427,-0.30496240937249075
-0.08752698208891596,-0.2618939564781668
-0.10277873809091487,0.4441418764054741
-0.2862280496577796,-0.29242168252712797
0.1825508714898585,-0.20199459225973948
-0.022306839486159635,0.3337285150922087
0.388301147019662,0.025309506290105865
-0.372249006555059,0.0760454107278059
0.3134733290825844,-0.34961987155061025
0.3560323051181271,0.13146392799158213
-0.45053694896096097,-0.2108478488047072
0.23917590979565917,0.30040218479630676
0.24681191631888022,0.13875472236456554
0.045153198673490325,-0.4008686440922522
0.2554161061428357,-0.33018877068582775
0.4656030895325012,0.08447441098369657
0.49521876035250223,0.005440780184958305
0.21418807217756153,0.09339482542814004
0.2896652080446276,-0.20973818477699346
-0.08349421901696674,0.09123357863186987
-0.30823388609408653,0.24183103553495422
0.44688732470982395,0.07131319869515718
0.22156014215153652,-0.4386335689680514
-0.22366858774600895,0.3482605910721259
-0.22288379745930853,-0.1026127547549387
-0.1144037269125251,-0.4779029475303038
0.037581243486732197,0.4060379177903557
0.18826143070427026,-0.23821828673795697
0.30229516976334825,0.24185713495686234
0.39231229027585046,-0.23440247112722434
-0.01436083093435081,-0.4001158604459547
0.0068345417097137595,0.3807896572587306
-0.2983617813299688,-0.2748804068818109
-0.01427083110510674,-0.1914205054902618
-0.25145840848775936,-0.25871570586621817
0.21417915743750804,0.26261510618397743
-0.39790784433137394,0.005262485260260963
0.15257672033362635,0.2134300927657118
0.11811856989320435,-0.357675694728093
0.26367442433959853,-0.10310895604336046
0.4558786139475304,-0.0070776952894004985
-0.02075107589951042,0.28949049715363717
0.30194693430190833,0.09086373881381093
0.11951136727676515,0.05479924424535265
-0.40120882325663754,-0.2825689491659731
0.18069538091754578,0.01672109383255993
0.4871878323531196,0.012532118990405516
-0.13610996271576847,-0.4175417196039162
0.15380776925271822,-0.0149646123622722
-0.13454172796059072,-0.08460078968141205
-0.10336188926115564,0.02086497800846443
0.21663900001554337,-0.4379004996662217
-0.3508283401994594,-0.26707693025720425
-0.20603696585143316,-0.10559491899032869
-0.016768249766335286,-0.05305645843886864
-0.15634364292233727,-0.17795784946890847
-0.007267505597527313,0.19368569783377843
-0.36610682441776143,-0.13080807828257646
-0.12157879750056533,0.2210935100308491
0.2022300234864176,0.416145155592091
0.16638160855419515,0.18568036101622032
0.07479120587584576,0.839711232825521
0.8582894344233747,-0.22535496404937194
-0.8345263287636202,-0.03092400983997834
-0.7710247238681898,-0.23232223391004103
0.024186116598561958,-0.5470084496041241
0.4972904682524,-0.3648264094777667
0.42048559724662304,-0.3712997736325032
-0.2581179836844696,0.8038803934983001
0.5084965193641615,-0.21360959794415546
-0.6451424610605863,0.09005383779387666
0.35293587445272445,0.6099779993615395
-0.15728599544585964,0.475164603177783
0.5607522471419608,-0.08400848199285704
-0.45701599491457734,0.8084865828151302
0.625971477432187,0.4362461524529888
-0.8754537882362288,0.025005297540663385
-0.20192936471513057,0.6796032133288534
-0.6529509700269827,0.3899021778049234
0.47576996966921237,0.40910885605489056
-0.3202500724638677,0.4495335430575229
0.33320095809323846,-0.6746005123828682
0.5388977881640942,-0.20426859396514563
-0.20972451347136278,-0.9210809342182014
0.18482913772408494,-0.9070991745600046
-0.5412684459246553,-0.061785577904842626
-0.6674332624878412,0.4760672328527409
-0.011575105499400218,0.6564985048744367
0.21508970380287673,-0.6589517526254169
-0.49065875590789765,0.6817431588518452
-0.038986105484342115,-0.7901396431636503
-0.8344026641497471,0.2063042189327764
0.22514693668963837,0.7473971869326901
-0.8381614338974956,-0.1940396424696771
-0.26143845956891787,0.8658497251393442
-0.6604841898249185,0.039547897112035324
-0.5994359642647482,0.23356721570508232
0.30284077670372844,0.6594836074144033
-0.38737300244357464,0.5779703198415866
-0.653007899289956,-0.24049695416136507
0.39484053449367984,-0.40530198525489847
-0.7026745444937741,-0.17075175254595254
0.2721920928190844,0.8265738951524735
-0.6729522548299545,-0.21783692669647858
0.742408964526104,0.5321295530706052
0.6088281193549467,0.43020032256740004
-0.0288206006812044,-0.944926560261069
0.22045029895528256,-0.7292918354446289
-0.7102102558175538,-0.02109447944487397
0.4240280406615615,0.6519564254161636
-0.7759221956638953,-0.20428880190851673
-0.5479420043680006,0.28095208435168795
0.03339677045253553,0.5175525075146503
-0.18209411117146024,-0.6534113598583084
0.6156918838825172,0.5245702695532315
0.38471784492211625,-0.47187603061256245
-0.6009150981417097,0.36045648486258264
0.5027501720580914,0.31391031253427903
0.06677325753072516,0.7399383192953699
0.5220479818859978,0.2524406432628308
-0.2509035132408375,0.595464526696428
-0.3893786466065374,-0.5747112472578078
-0.2644280244876942,-0.8838160958393004
0.1822606065170329,-0.6277282044933041
-0.48244003679996617,0.32504456870796394
