feature 1,feature 2
0.03844914156041024,0.21550536619130511
0.5640561753407718,0.4174893954859529
0.7012321156822756,0.12244557656504984
0.7591637099030584,0.7411568500920138
0.9579622303496178,0.20698619208675728
0.2654237574972018,0.4077141832686624
0.30458329718387933,0.6912087259798136
0.6642683559154838,0.014935467521672408
0.8854486381882245,0.5703790862968168
0.8008361143266609,0.2662029145465359
0.4039337545154067,0.5915853388722021
0.7410539325387684,0.2628378424367528
0.0007188924311212208,0.3817679531016456
0.16889781951485205,0.07666388651142686
0.5477593114603128,0.20384686203026314
0.19533656540540623,0.732191267223383
0.004390020662485172,0.19077003464008757
0.742408964526104,0.5321295530706052
0.34295829733441385,0.2645643072752797
0.1489462263598238,0.6836575535165441
0.6360295318449862,0.7214611665126869
0.2992657980944293,0.6984468209883559
0.37544408486112135,0.4454139153964569
0.8687340295380297,0.8511370258135527
0.19431061198060373,0.30826547405574733
0.38789688893420005,0.08544888669519235
0.21250587550195488,0.5296196018059909
0.3848723026487393,0.9825119874043766
0.6797226057334407,0.8000462467960223
0.257885693559768,0.7549440270541059
0.1707087287935043,0.7365425610265173
0.28780850708226136,0.06060426649831663
-0.7267981926976548,0.30327952095455313
-0.2815825060346193,0.6471044532236381
-0.2556534895062057,0.3233345192583781
-0.8966365576627846,0.06270926313629599
-0.46264528123010784,0.08326842932173384
-0.3120846268846289,0.4660002144452464
-0.9822734297730622,0.9956417113639564
-0.451889558625588,0.10835600503158682
-0.33399617388360414,0.33897391039638025
-0.4707299461492853,0.32393788958773717
-0.5608921535403961,0.9197256054269105
-0.7365699428418129,0.7305915178178248
-0.216281253623948,0.7913495552375573
-0.8838327756636011,0.7323522915498704
-0.43992534089902113,0.7166833535982418
-0.9469773789167564,0.1715511625469266
-0.9783778327296073,0.6531021483829285
-0.05215755976779457,0.43279422391619793
-0.9392258806063263,0.8618973910139556
-0.44144782309117914,0.2857638201174153
-0.12677162046246782,0.1601776693389092
-0.5860148431231464,0.03314525689195813
-0.8843146468732073,0.9382052602816227
-0.5427143889930746,0.34340136881171346
-0.7672672042290478,0.6348994169823832
-0.5685186416470918,0.35562640062008843
-0.6297341423227607,0.08380189475671629
-0.7949805440186415,0.8744569744729023
-0.8261594238251526,0.07421308363709556
-0.09536343096339972,0.28715539039304994
-0.8666959188786201,0.03681604389040816
-0.7349506545163031,0.7240289645452451
-0.8860425460052634,-0.16278545016334012
-0.4442944478205755,-0.4473617830682928
-0.5886254756088898,-0.7572271636811871
-0.2009624308261304,-0.34641058828444526
-0.6084440286329078,-0.9848742500437158
-0.07464042866078713,-0.39724425167171584
-0.25905579441723603,-0.030954029617957346
-0.6307350853052616,-0.31578475827281194
-0.8069310596091184,-0.516212343482322
-0.5080845432309837,-0.6786372534808887
-0.20477524289425886,-0.47144747368272144
-0.5391666757653002,-0.9970523558273772
-0.25462296597537204,-0.4804924324793476
-0.23896458026021095,-0.673929326136818
-0.8227991406407655,-0.5587760945775775
-0.015767413840923616,-0.4835112234020833
-0.8574865444694828,-0.9757830495302251
-0.7856559773204479,-0.10517526635309071
-0.6650348354818605,-0.7908643193311995
-0.5990509689431944,-0.7814715793807572
-0.9380884181613129,-0.22402648010626103
-0.7150089141969735,-0.002223693097287871
-0.5386603765644826,-0.6469439359889835
-0.6162653505625142,-0.3532568757689585
-0.0666137582311832,-0.03573580216031624
-0.8482733437826722,-0.7422405561787015
-0.9327727996334347,-0.874693593089291
-0.9772927104651619,-0.06267871601174746
-0.5224075772369214,-0.0975213116380238
-0.20603696585143316,-0.10559491899032869
-0.0814696056535722,-0.2844034693491164
-0.16079987514442018,-0.5045380209976851
0.15656028199234795,-0.9281154524065158
0.2846510518104548,-0.8702928110340633
0.8049066145716834,-0.8671123112884502
0.08707643468529214,-0.8365493085064435
0.8296918021362001,-0.2752122017667338
0.9316443223064399,-0.13500424333973604
0.9017271245008207,-0.6978842164381995
0.00022550415325395257,-0.17608380993179606
0.9623556735245891,-0.6197847004325447
0.75330720531669,-0.19303426757520592
0.9802176921737316,-0.37624112847254954
0.059881173860465875,-0.6772652832232338
0.40815953619844714,-0.5740716769821785
0.6947758611427475,-0.8752118628034455
0.7024138280975374,-0.00970694597205135
0.20727440111875017,-0.8460410658700674
0.5220158469907841,-0.25655186719531353
0.9760719323111837,-0.09199675760777026
0.4863863974632068,-0.9037143280432931
0.9258537504751596,-0.03290870656015055
0.6493619318502983,-0.3043815841956139
0.6423965651004531,-0.9968697896170542
0.5510552333900212,-0.09342233050394477
0.5123266577904921,-0.30485695152203585
0.41809252344486536,-0.7862461538105123
0.06314430537346238,-0.9346818784310083
0.6796045712712344,-0.23233409613391198
0.6747341595403014,-0.6605431428461537
0.045153198673490325,-0.4008686440922522
0.8881186793732265,-0.9211463772629882
0.6335589330112721,-0.6367720644867947
0.32704718782690456,-0.17760502223490837
