feature 1,feature 2
-0.14259595802713276,-0.9416604727094711
-0.14363170336537134,0.9333096380873391
0.15656028199234795,-0.9281154524065158
0.3684660530243138,-0.1196950125207974
0.6452286370273568,-0.15252349270247434
0.030011319419446236,0.07110762975934515
0.16484531641449296,0.4961463588590642
0.7744254851526531,-0.05557014967610141
0.9269984817751766,0.038064560259097435
-0.7769755753574472,0.03172380542465625
-0.2862280496577796,-0.29242168252712797
-0.6503227454791749,0.005132152926884848
0.27333936433441464,0.22786716952012354
0.2372227564303686,0.5054332791152825
-0.2815332612004686,0.18590170286985486
0.22514693668963837,0.7473971869326901
0.4656030895325012,0.08447441098369657
0.7288664937367282,0.1738730131178141
-0.9469773789167564,0.1715511625469266
-0.38414011681761817,0.4093615254732934
-0.01436083093435081,-0.4001158604459547
-0.3765778478211781,0.040136042355621626
0.26695643965229454,-0.48422462913359543
0.18732158241707686,-0.9797376319445132
0.18969475900381916,0.47773335426606534
0.75330720531669,-0.19303426757520592
-0.08172848752347739,0.9600651505709541
-0.2907556847184469,-0.42552201669183654
-0.7102102558175538,-0.02109447944487397
0.06523453291004633,-0.5150589927305407
0.29183448266320244,0.14155660933782377
0.5896226070832968,0.005274186210384224
0.16585211360852625,-0.4937969216407825
0.14608440123803135,-0.3495776074475774
0.7378099689574364,0.14121949327765937
0.7851179969799555,0.07868448383130144
-0.372249006555059,0.0760454107278059
0.13545463586210915,0.15862893332387573
-0.02300873468018927,-0.19622560021853985
-0.7450226753360352,-0.20542541887926546
-0.13533039791479617,0.8872318403351978
0.9679552959196565,-0.18133198736991396
0.42048559724662304,-0.3712997736325032
0.06314430537346238,-0.9346818784310083
-0.23896458026021095,-0.673929326136818
-0.33151221836607836,0.5418244074916438
0.19015586140050966,-0.8971483730314993
-0.02825648162734873,-0.4864468645589841
-0.5412684459246553,-0.061785577904842626
-0.8354553514458762,-0.08083188557275389
-0.26085160114645367,-0.07152296052155016
-0.23221755725357718,0.08710572222797719
-0.48115313313741503,-0.2406151836654662
0.0933913641442603,0.8048260665722069
0.09683832598712527,-0.8670733484474558
0.27188065365342173,0.19860423227887547
-0.25077477074705756,0.25171983142847276
-0.5625687740041454,0.1906065318549781
0.011705385903657994,0.6814060560224
0.4563775124072067,-0.009017367587603076
0.8332704716824146,-0.13802955897340752
-0.0227136191906685,0.5408148356155864
0.5288814561510087,-0.18065789324801473
-0.3470773835120162,0.03542328676942286
0.21285811931917986,-0.9816058967667407
0.8687340295380297,0.8511370258135527
0.6335589330112721,-0.6367720644867947
-0.5962930957541033,0.3468648666498346
0.4579621233116329,0.7233818075746905
0.45191135774047875,0.7942205199051542
-0.9266571461329141,0.47280403013128103
0.9696823979246691,0.6777961728918682
-0.6727523576166616,0.5896190974998587
-0.4257240838308489,0.5857088380676787
-0.6621298738556709,-0.44281932193608275
0.7454605009692037,0.6838671335836173
0.9988274515413331,-0.9035759222788879
0.6647270793219899,0.6112976107266839
0.9312640661491187,0.6167946962329223
-0.2771924418656273,0.7195893496232912
0.9161469602387604,-0.26411849739583104
0.541843689288104,0.6895664562337753
-0.7890526000867388,0.3135602094485881
-0.7439083220844551,-0.6961946129754113
0.2903455808188997,-0.6512671419900171
-0.7595855417588475,-0.46883433408278785
0.3455292288249334,-0.5589914731287058
-0.8329501706399625,-0.5777481148839252
-0.823014995896161,-0.6080342751617096
0.3777706041001814,0.7466458317216154
0.3457433371961596,-0.8377016429275217
-0.857622703079542,-0.3620487394124774
0.9802176921737316,-0.37624112847254954
0.9623556735245891,-0.6197847004325447
0.6551061045480939,-0.6585832733750396
0.6011733982181657,-0.5996995115103798
-0.7662039185832719,0.8796642472269502
-0.7970569142679358,0.3270035382161116
0.8854635482702513,0.2992932979847369
0.6374804589681016,0.9671344130273261
-0.9390726273820797,-0.5911032550714539
0.6571111958121627,0.5785856966393712
-0.38737300244357464,0.5779703198415866
0.8125091610420734,-0.5009076003009878
0.9398240922145409,-0.8121985684211632
-0.867007465266445,0.4822412985801181
0.38506486307421595,-0.7311297411837563
0.5697939542229351,0.4153618694818315
0.36651752731919185,-0.8477382810193996
-0.9697786315710499,0.9300307389089437
-0.9525844927109632,0.6698944113888075
-0.9214611715166954,-0.4560027893112879
0.9849670043167504,0.8540019358485906
0.8368528642908173,0.9018571890050968
0.4240280406615615,0.6519564254161636
-0.9588310114083951,0.9398197043239886
0.30284077670372844,0.6594836074144033
-0.7882513635737414,-0.2902046330268919
-0.6084177304214071,-0.8612773982496691
-0.932647192251072,0.7583715452024953
-0.6999026706120315,-0.35064814621988005
-0.8619848147743674,0.8815690410062158
-0.8872490066981458,0.7294447525101064
0.7240853019786269,0.6890987970701408
-0.464814646544057,0.6709604514843888
0.5018795967266365,-0.7972542048936817
-0.7602692653326344,-0.3247696571927441
-0.6705872931354082,-0.3395698702570049
