feature 1,feature 2
0.2342899732080601,0.4135544337708916
0.1155668347400498,0.4613010204784922
0.11072710187526247,0.4384035565445277
0.1350816965231163,0.3789299382745315
0.27258270795849615,0.522243074086316
0.9826558031284411,0.08896466560052585
0.8854635482702513,0.2992932979847369
0.6279405390120376,0.23043887646202177
0.9876967777993964,0.760629524297854
0.7911256962636775,0.8183505281071715
0.6450695887683935,0.6079170151050406
0.16034473845466457,0.06720509345375691
0.4039337545154067,0.5915853388722021
0.8854486381882245,0.5703790862968168
0.7471572482135544,0.8417448010636264
0.6802161568783998,0.9789022619301129
0.15996757485626256,0.12296917591904744
0.03339677045253553,0.5175525075146503
0.5528948929994493,0.312323675362143
0.9312640661491187,0.6167946962329223
0.3899637722530851,0.7202447943784092
0.2782398756310007,0.7358365890400442
0.8542475637288987,0.9398530506903817
0.43194445769479506,0.3178478838203027
0.06233905600206402,0.873211384589923
0.7675717699268514,0.8555045663904259
0.901062105172407,0.20130213309671174
0.4757390371230601,0.6682891940013516
0.21547358975771824,0.02537702203301717
0.537974830361021,0.889531459764856
0.9688043614071042,0.05138036460537165
0.7477801551250305,0.1948262043406166
-0.011575105499400218,0.6564985048744367
-0.8872490066981458,0.7294447525101064
-0.9136801760988478,0.7822862273961422
-0.9000419426806425,0.6872993281036475
-0.27274079524141204,0.9435641654419213
-0.92314730207535,0.803523984270847
-0.6784802079033836,0.6359340482381244
-0.22119012204224942,0.08352192853512652
-0.6503227454791749,0.005132152926884848
-0.6990554579880051,0.936152762901467
-0.5053193683618333,0.2812303670977747
-0.22366858774600895,0.3482605910721259
-0.07928345759614741,0.72912721904534
-0.8330718300212334,0.7648327368146774
-0.9160975531367275,0.9369775551887676
-0.17365496558456095,0.3516458502081472
-0.6635926884669636,0.758660431356948
-0.49428376349977765,0.1552635086888452
-0.3297622914817162,0.48701651258321554
-0.9783778327296073,0.6531021483829285
-0.8217511357679668,0.5105408409936159
-0.20432674899568615,0.8390620493120995
-0.6388493097453329,0.13589046110525893
-0.6827897894138526,0.7617415183978569
-0.44634440552989685,0.18470065718672446
-0.9469773789167564,0.1715511625469266
-0.03318512805370677,0.7270950450290903
-0.8652987970624566,0.16434092035254655
-0.3844083366385087,0.8275768877465186
-0.4025488528224539,0.881358490230681
-0.28437183177290226,0.29563489198105675
-0.6414887761844199,0.6000069635273628
-0.38038624935506204,-0.5000861072047575
-0.43244818840255106,-0.2738354072027298
-0.2652185426058591,-0.8259655633944225
-0.7882513635737414,-0.2902046330268919
-0.2649311554169371,-0.8636553812290129
-0.5399823254245939,-0.7588662284454424
-0.13454172796059072,-0.08460078968141205
-0.545460745473697,-0.8536081524631127
-0.4038955827211137,-0.789270155498287
-0.4847855593325563,-0.8809505993044566
-0.39160256072743826,-0.39211497548994534
-0.689519508138575,-0.6361437390094578
-0.9751919274453704,-0.06246406907098834
-0.8297930277604293,-0.22880481497333327
-0.317867297899483,-0.7730529575188219
-0.5706082250732891,-0.8655316398188777
-0.25905579441723603,-0.030954029617957346
-0.08335281082484913,-0.2975612253024382
-0.5771039860069107,-0.3450052956441707
-0.6268659518973885,-0.4298096626123058
-0.7776050353876973,-0.0147497914182817
-0.823014995896161,-0.6080342751617096
-0.2644280244876942,-0.8838160958393004
-0.9487158683871286,-0.3175043447476873
-0.8579302219119957,-0.5784137968999428
-0.7964350547591925,-0.694281721631336
-0.9598576044445473,-0.35584166883364343
-0.15490314337611077,-0.9159506496571894
-0.30813001490607417,-0.2579224740307946
-0.7780210615730379,-0.10588891238714915
-0.3934497048648089,-0.7979083779787066
-0.5513628822929475,-0.5478418579788746
0.26049443891231583,-0.5032327825135849
0.4651441944205006,-0.5701192428184865
0.42950655288789163,-0.8630990948679664
0.3480398381175853,-0.896328401760542
0.03260069660239062,-0.35408705411750807
0.5015392984221114,-0.7490274064016986
0.8635074388656327,-0.20596991752561666
0.9212539510263995,-0.6061485910931432
0.7762363778680716,-0.34941876327650445
0.21705454539293312,-0.30098725582636243
0.8880841876507957,-0.7024080611897687
0.12814805766703552,-0.2828430769502537
0.2554161061428357,-0.33018877068582775
0.3849856533384506,-0.14013784521970374
0.20727440111875017,-0.8460410658700674
0.3174155510017522,-0.003608567093722037
0.352355124150868,-0.34979196913660204
0.9856336779981407,-0.7370217602040368
0.5425406933718915,-0.8519106965318193
0.5343765778622538,-0.19613817278151569
0.5504881036698985,-0.5311487999769706
0.4533419841406465,-0.39049780922773336
0.9161469602387604,-0.26411849739583104
0.9493811920971029,-0.7290809264106184
0.6076097809669503,-0.7257030236945137
0.5750981717175585,-0.4979972334753995
0.4972904682524,-0.3648264094777667
0.18482913772408494,-0.9070991745600046
0.24829781569826803,-0.18117669561751915
0.19216391047661197,-0.1323121542895116
0.13907955913420733,-0.48091643364781933
0.8332704716824146,-0.13802955897340752
