feature 1,feature 2
-0.5093017806373581,-0.2214087719160469
0.6060517956653269,0.07832255335050897
-0.35264152719151265,-0.14912712276716644
0.4832829036720845,-0.014861858493404823
-0.06002346368412681,0.7802822747920293
0.041915954544084366,0.24717137600551942
0.9012142938751122,0.14687577624657222
0.22196197770198345,-0.17794306038659058
-0.05165234182534961,-0.804331678697997
-0.22366014758695618,0.28657643688470635
-0.9860957389376186,0.021494605155131463
-0.6581271951583034,-0.1637104236744007
-0.038826845346704,0.1848155693190352
0.20103372086730675,0.33007334909251096
-0.491216838316306,-0.2762938135897226
-0.13739658731797078,-0.24191902923392994
0.7024138280975374,-0.00970694597205135
-0.15474160597278175,-0.3941381887191415
0.27235472941646544,0.571303236160464
0.39403148199053595,0.40496816797421853
0.037835410565675076,-0.9060680664498899
-0.9801523577443287,-0.07180968109299224
-0.37927608215285247,-0.08955970183639761
-0.29066759002983433,0.10132675888170306
0.8290973276971179,-0.13195805458248233
0.11016989860457249,0.4661425920593496
-0.5701747259272083,-0.15029831426382612
0.7494033453683988,0.05787426805442397
0.19808917430076312,0.2472975565805322
-0.7963926341009262,0.011915815469863311
-0.36249499413586017,0.2517827528740182
-0.005502988215229099,-0.3982433803664607
0.045465658763988115,-0.14491796328290074
0.07479120587584576,0.839711232825521
0.6072070708830704,0.01041354715327647
0.21418807217756153,0.09339482542814004
0.7935768198120237,-0.052076719474255295
-0.5913672332020594,0.015610127917558225
-0.19518748140137654,0.7691737764592275
-0.5646652008389279,0.323368576799713
-0.37418521157270357,-0.45780749247186847
-0.12173018285956316,-0.24611114115018484
-0.004920295707795619,-0.5906397818854321
-0.6604841898249185,0.039547897112035324
0.7012321156822756,0.12244557656504984
-0.7175529132537011,0.14175483367895247
0.43194445769479506,0.3178478838203027
-0.16145667766795602,-0.9637519179085405
0.22292722245132168,0.3569999365852756
-0.20691443535745968,0.24417340045574698
0.238980692019229,-0.0730119123988553
0.5124272279003537,-0.08295398223621864
-0.7703263505215929,0.2212400848832652
-0.5412684459246553,-0.061785577904842626
-0.34940973195393776,0.42524266619702566
-0.9617678111404719,-0.0463130633643658
0.9754447794720631,-0.1444537325282753
0.027978978319621595,0.5673060254822861
-0.2533813674404941,-0.45851065371289246
-0.6932971937678396,0.17245966403359447
-0.2907556847184469,-0.42552201669183654
0.18826143070427026,-0.23821828673795697
0.07898258475067443,0.5814463296779271
-0.2633055724112974,-0.1353075471933054
-0.4484648634972861,0.7541811620363779
-0.6294592892333526,-0.4427138737699272
-0.7649475064457902,0.29842060423212713
0.7341446371602074,0.8264811051129426
-0.30235893206104136,-0.7780038024173703
-0.3022634669140094,0.8590582884956517
0.8789978831283782,0.7896547008552977
0.8736449240661837,-0.8954842414279525
-0.5030217203710685,0.48789258514535394
-0.32558684886849587,-0.7143160703713363
0.29094459181433563,-0.6457786411859021
-0.720455246747421,0.5905346237197804
0.6348871234768818,-0.31636529660424806
-0.6996619983659167,0.47486753744297117
-0.48133020536581106,-0.6107523265902561
-0.6659161841981003,-0.6647615674233647
0.35512872368456483,-0.9668243421442877
-0.948376186101026,-0.7296674216903545
0.7175285586989444,0.4967117073314795
0.6763099499772851,0.605621869649001
0.9363868558294435,-0.6289489685937577
0.6217571620158369,0.671651855821032
-0.841186830713941,0.4629929806807247
-0.5430905173374025,0.9926678321134839
-0.656641428303393,-0.4553853469612621
-0.3723463835511689,-0.5169987440143331
0.5883946625541685,-0.8140187203537357
0.8087195499877144,0.6348156946122188
0.27280274036681407,-0.8977292371157986
-0.8987550554618517,-0.9212163326143612
-0.33687060186561246,0.7100604032398703
0.9696823979246691,0.6777961728918682
-0.5349880155843376,-0.7406420435515293
0.8414793006852708,-0.919881761898611
-0.5883175799264635,-0.7761607612045442
0.5750981717175585,-0.4979972334753995
-0.5897207190359857,-0.6186245586726669
0.32982344897443605,0.5908999215794584
0.8543556389589053,-0.5307158362890929
0.5217026618615634,-0.6245551886154959
0.6648852816008435,-0.5753217786434477
0.48095226390703827,-0.7142994253983228
-0.6412706359755791,0.9413530908194883
-0.45838734392605485,-0.5048804594402272
0.46622604483056196,-0.7368646297454804
-0.6095187940870159,-0.3093160955102243
0.4914675654624643,-0.5950388796695252
0.7202793866988699,0.44562860641696744
0.7471572482135544,0.8417448010636264
-0.9872282565663328,-0.42592373365017444
-0.8317863877700051,0.40193826291824
0.541843689288104,0.6895664562337753
-0.2967546255207312,-0.797158343101567
-0.4303190112450648,-0.9262261052909344
-0.823014995896161,-0.6080342751617096
-0.9557528969420055,-0.3527795617009175
0.8129442219290939,0.2484759918279842
0.8654569667080265,0.7321277790008167
-0.8574865444694828,-0.9757830495302251
-0.9368277103487159,0.8724244924873796
-0.4038955827211137,-0.789270155498287
0.9259840077179893,-0.3162556679226278
-0.9266335942188042,-0.4951261113119585
-0.6277971643074454,0.6052866195914208
