feature 1,feature 2
0.41249232511052436,0.2453790818995949
0.6187223109570272,0.6202267893583615
0.7840931103542266,0.2622772519945258
0.8781353970257924,0.5975664715473308
0.6069654865937693,0.8584561072637078
0.4586895881759927,0.9336909995985707
0.8419890421931517,0.38919085450657076
0.21250587550195488,0.5296196018059909
0.6051713591596257,0.14409728673860167
0.7619460112793148,0.7658296330374443
0.3234373652879132,0.20489888393317557
0.4111717252876492,0.37681003698427373
0.7841693778804688,0.9106693730078566
0.16190075977635865,0.9813583141315316
0.3187078444115654,0.7902354814130728
0.9029814203535744,0.6769836676860497
0.7011634581884838,0.7345884019196047
0.2782398756310007,0.7358365890400442
0.6156918838825172,0.5245702695532315
0.7458916717528166,0.46444977281912236
0.9693394790490164,0.8747761329942378
0.26680751302084693,0.7429211803754354
0.52380362520974,0.6672999238751711
0.8654569667080265,0.7321277790008167
0.07898258475067443,0.5814463296779271
0.6383777188535804,0.7684129266968156
0.7099480391229487,0.7651197535446945
0.6802161568783998,0.9789022619301129
0.7247274174934903,0.8990412473152842
0.9682206380729956,0.33583999760725414
0.011705385903657994,0.6814060560224
0.9320950102573544,0.522075580501566
-0.6414934885214385,0.3878991810203136
-0.8232301060309626,0.3978976569747712
-0.1571508988150041,0.7853434221539497
-0.8330718300212334,0.7648327368146774
-0.451889558625588,0.10835600503158682
-0.92314730207535,0.803523984270847
-0.5161366393689408,0.4279052650131796
-0.06002346368412681,0.7802822747920293
-0.738579246519601,0.7732084304809335
-0.25765515312474485,0.2021483336004659
-0.9527228279073272,0.283943000886532
-0.7071274867943678,0.665859431148456
-0.17365496558456095,0.3516458502081472
-0.772884815600742,0.3431463911855992
-0.19518748140137654,0.7691737764592275
-0.2815332612004686,0.18590170286985486
-0.6368045663971487,0.8169011226672567
-0.8732500590544645,0.9799204647798905
-0.9000419426806425,0.6872993281036475
-0.8872490066981458,0.7294447525101064
-0.8553670494841228,0.9102304145834028
-0.5947347317293137,0.17517174221880372
-0.8843146468732073,0.9382052602816227
-0.35529231005055406,0.6197488917092697
-0.8619848147743674,0.8815690410062158
-0.7625818089817771,0.9611364541214471
-0.8754537882362288,0.025005297540663385
-0.3765778478211781,0.040136042355621626
-0.8303245718296162,0.9732791570023509
-0.865847045223145,0.4999209407983556
-0.31618944378901936,0.05535493244338996
-0.8356566650471453,0.9357200696900609
-0.4964018821860945,-0.3086080129921611
-0.20972451347136278,-0.9210809342182014
-0.1863903980965529,-0.3435337886433212
-0.857622703079542,-0.3620487394124774
-0.45053694896096097,-0.2108478488047072
-0.5080845432309837,-0.6786372534808887
-0.3723463835511689,-0.5169987440143331
-0.2009624308261304,-0.34641058828444526
-0.506682768389187,-0.05807949513053301
-0.14259595802713276,-0.9416604727094711
-0.9617678111404719,-0.0463130633643658
-0.8329501706399625,-0.5777481148839252
-0.2981699748958426,-0.7658659671447883
-0.6084440286329078,-0.9848742500437158
-0.887647845305122,-0.017808541233669706
-0.45718123910657127,-0.006609154364106917
-0.035917883775834936,-0.6078045745232141
-0.20603696585143316,-0.10559491899032869
-0.9801523577443287,-0.07180968109299224
-0.6268659518973885,-0.4298096626123058
-0.2508942259597573,-0.6662795966024944
-0.9158136207272762,-0.9642521305331724
-0.22159664253167377,-0.9783246970394033
-0.9166541987952315,-0.8304159679083936
-0.10043070235735496,-0.6107549763584699
-0.9819230618414156,-0.28594131205997564
-0.30813001490607417,-0.2579224740307946
-0.8556031820416483,-0.9386949955883879
-0.9751919274453704,-0.06246406907098834
-0.9648952732667422,-0.4133827784388706
-0.5224075772369214,-0.0975213116380238
-0.823014995896161,-0.6080342751617096
0.14608440123803135,-0.3495776074475774
0.7401977478018598,-0.9574611782992257
0.15656028199234795,-0.9281154524065158
0.8247266912333819,-0.5786756219886668
0.2840632923085755,-0.8317200700099023
0.29094459181433563,-0.6457786411859021
0.8542212577168546,-0.7892135637843896
0.6516335011295253,-0.7422602650531096
0.8290973276971179,-0.13195805458248233
0.09315428406458981,-0.1343679955810615
0.04678182274873288,-0.7704622562615651
0.32704718782690456,-0.17760502223490837
0.2896652080446276,-0.20973818477699346
0.9536006570213187,-0.7785588133473687
0.6028915524459073,-0.2158128461908546
0.9856336779981407,-0.7370217602040368
0.39484053449367984,-0.40530198525489847
0.21285811931917986,-0.9816058967667407
0.5219815200561877,-0.9293772901195219
0.3665907532130104,-0.10819458724650333
0.3684660530243138,-0.1196950125207974
0.022550924401502304,-0.015349039997636149
0.3818754762049319,-0.22652930739892518
0.7846049962793045,-0.6293396409425711
0.9363868558294435,-0.6289489685937577
0.4468402273771699,-0.008248529842458385
0.5023560956168363,-0.8579846709334891
0.30392251900520106,-0.5514613810788804
0.6073441537982289,-0.6268598822279283
0.10845302826403325,-0.9895407729141745
0.5235963827553944,-0.22691898635394425
0.8346271509244856,-0.7263627381620772
