feature 1,feature 2
0.2680114061992227,0.07997075943171095
0.6279405390120376,0.23043887646202177
0.019708019100915353,0.002551289251458755
0.8789978831283782,0.7896547008552977
0.25685291322917414,0.37726325861575116
0.5965903579335503,0.2999278615555303
0.8416956956313737,0.23330062904147608
0.6298794570810784,0.5560504862893063
0.27235472941646544,0.571303236160464
0.7109211680220144,0.40731571876004735
0.7547461438559109,0.4815372355084089
0.05280532187222642,0.46317904351066375
0.08127024322021303,0.2748598029964131
0.47014208760777154,0.6069618607696972
0.7675717699268514,0.8555045663904259
0.6763099499772851,0.605621869649001
0.7619460112793148,0.7658296330374443
0.16862862384620048,0.802316020981978
0.4266991717691049,0.7904136753743987
0.6719602410244117,0.39194841218739596
0.6374804589681016,0.9671344130273261
0.06677325753072516,0.7399383192953699
0.5220479818859978,0.2524406432628308
0.7259936627177441,0.7721868706264163
0.29183448266320244,0.14155660933782377
0.7840931103542266,0.2622772519945258
0.34295829733441385,0.2645643072752797
0.055402218172599715,0.9859295922386007
0.7723635442586902,0.8686082283349805
0.3234373652879132,0.20489888393317557
0.30458329718387933,0.6912087259798136
0.001207142309415099,0.3592406654702156
-0.4091104450451595,0.5384462956762672
-0.08965601653268718,0.33552118320630586
-0.6503227454791749,0.005132152926884848
-0.4538583800543752,0.03615753247763087
-0.6066928300940826,0.4748521715413545
-0.8330718300212334,0.7648327368146774
-0.38707306391435936,0.6447624223707087
-0.6604841898249185,0.039547897112035324
-0.12119002061109563,0.22587916498905103
-0.8966365576627846,0.06270926313629599
-0.9368277103487159,0.8724244924873796
-0.10716096719683565,0.596760681036705
-0.40490309736235885,0.13004398571803222
-0.2815332612004686,0.18590170286985486
-0.841186830713941,0.4629929806807247
-0.46264528123010784,0.08326842932173384
-0.8524068705292023,0.10770856880264157
-0.5445005277935808,0.9280576943310275
-0.06002346368412681,0.7802822747920293
-0.5789861206693141,0.6180472805833528
-0.28923086262852116,0.5675835689707944
-0.8286835008071389,0.7883817493282366
-0.10657094548295931,0.0030359207003327615
-0.8122854303532876,0.8192536388731848
-0.8652987970624566,0.16434092035254655
-0.7386953123530742,0.58101958854977
-0.5962930957541033,0.3468648666498346
-0.4269174957434312,0.1816665211380215
-0.24042843964154037,0.7266672991436505
-0.451889558625588,0.10835600503158682
-0.7445730327295303,0.6521352605050568
-0.28437183177290226,0.29563489198105675
-0.4964018821860945,-0.3086080129921611
-0.26037348802564675,-0.8952899596250552
-0.7061561528324585,-0.3147097069549569
-0.6095187940870159,-0.3093160955102243
-0.8242670017103333,-0.2987461375816385
-0.3723463835511689,-0.5169987440143331
-0.16517799370244202,-0.5557843790585395
-0.12173018285956316,-0.24611114115018484
-0.05165234182534961,-0.804331678697997
-0.20603696585143316,-0.10559491899032869
-0.8354553514458762,-0.08083188557275389
-0.5057935319797071,-0.6809106397736233
-0.32194041790259864,-0.3015808507746782
-0.9889884016791584,-0.9846719347015493
-0.8092781574539929,-0.09988272114754948
-0.7759221956638953,-0.20428880190851673
-0.17290179694929697,-0.7562278133261049
-0.32558684886849587,-0.7143160703713363
-0.012371919086142658,-0.22470238908870588
-0.8574865444694828,-0.9757830495302251
-0.9598576044445473,-0.35584166883364343
-0.6241592383693539,-0.8460566612382519
-0.2644280244876942,-0.8838160958393004
-0.42049709417246395,-0.6775574254919912
-0.002208670928116163,-0.9757937664477851
-0.1545427262121355,-0.30695166409456354
-0.9616154463538866,-0.48037358250993156
-0.9999767304892677,-0.16686834303541564
-0.2179342617452027,-0.5315932581473317
-0.25145840848775936,-0.25871570586621817
-0.45718123910657127,-0.006609154364106917
-0.4038955827211137,-0.789270155498287
0.045020362171176886,-0.8907311599980554
0.04678182274873288,-0.7704622562615651
0.24932713770852755,-0.2361207206942082
0.024186116598561958,-0.5470084496041241
0.4468402273771699,-0.008248529842458385
0.3757714446016267,-0.8643258817896562
0.41864165694521915,-0.6653573919978792
0.5930745819523526,-0.036955296974899854
0.8561672806520995,-0.5507687763122961
0.10760448142475254,-0.3889513786839529
0.49488881319338796,-0.05238034320410678
0.24829781569826803,-0.18117669561751915
0.47500249621949675,-0.09556411822038569
0.8543556389589053,-0.5307158362890929
0.176404533896781,-0.03805422022775251
0.5219815200561877,-0.9293772901195219
0.5958283192317881,-0.20805905467509023
0.23625648091579166,-0.283674563934319
0.5747740535046657,-0.09130915386468974
0.28513039907038307,-0.157503893411856
0.33617027314129233,-0.5900314091683581
0.013840875923669227,-0.18117585636596334
0.8290973276971179,-0.13195805458248233
0.8349716862639804,-0.4189909886571592
0.2158104281814075,-0.3812545642744358
0.852388136863564,-0.5426464407927825
0.00022550415325395257,-0.17608380993179606
0.541934359909122,-0.012408807271218514
0.3350997985829409,-0.8089293723306636
0.08281521469517039,-0.6917099136430258
0.5343765778622538,-0.19613817278151569
0.5607310060137634,-0.04732853339780241
