feature 1,feature 2
0.5528948929994493,0.312323675362143
0.8156770277670682,0.014119293477436567
0.24681191631888022,0.13875472236456554
0.7458916717528166,0.46444977281912236
0.9130027965989602,0.4750167189180139
0.9693394790490164,0.8747761329942378
0.0068345417097137595,0.3807896572587306
0.01884425629957942,0.9933937077059536
0.49636782409769276,0.6133301060536329
0.5988317579379585,0.3893929417088535
0.02444384162534896,0.3604555584167066
0.7341446371602074,0.8264811051129426
0.9469779383547938,0.937755710571383
0.12679070142528026,0.24922809622906317
0.4629929280862781,0.6489430352090981
0.6222475398669418,0.27190941432745697
0.04291927744294388,0.9546158159830074
0.7235712420270346,0.8922309242672655
0.9688043614071042,0.05138036460537165
0.6802161568783998,0.9789022619301129
0.6612388155754583,0.9300538213330252
0.8642365649672248,0.13026636717841789
0.17172957690703838,0.2495677255788049
0.9015454154626761,0.4050810030696139
0.4757390371230601,0.6682891940013516
0.5220479818859978,0.2524406432628308
0.01050474489571429,0.6529149322154832
0.6508313282478961,0.689742695510458
0.07898258475067443,0.5814463296779271
0.4073995592581019,0.9405142194521141
0.8593953046851461,0.6162407591288339
0.33560936645281303,0.1864431402147686
-0.866052775949457,0.7547009062656773
-0.8553670494841228,0.9102304145834028
-0.8666959188786201,0.03681604389040816
-0.4269609021457541,0.6052806247058593
-0.39746947847999925,0.19671496859551763
-0.8330718300212334,0.7648327368146774
-0.8524068705292023,0.10770856880264157
-0.3210996149143879,0.6296502274930245
-0.6014593270663984,0.7549400933089638
-0.6685036460695586,0.7817110699662935
-0.16483844843014328,0.7582366151243294
-0.7644978342197177,0.1530329510285071
-0.6009150981417097,0.36045648486258264
-0.542249075033002,0.19370375377551885
-0.6727523576166616,0.5896190974998587
-0.0266621171505943,0.7468464761633211
-0.07704507075053169,0.27440295361656086
-0.34920060368146455,0.4929828102360483
-0.09047131489467786,0.34957260433482107
-0.3649005994848231,0.6962184700312601
-0.9160975531367275,0.9369775551887676
-0.5994359642647482,0.23356721570508232
-0.6827897894138526,0.7617415183978569
-0.36137272481917027,0.9001239341016098
-0.0514899580460928,0.12135658987789988
-0.08110646318802672,0.5700330876741138
-0.25765515312474485,0.2021483336004659
-0.3855671659574582,0.09291708345624872
-0.24906214306699925,0.6076290903868935
-0.932647192251072,0.7583715452024953
-0.6582248252198684,0.337286439848862
-0.8261594238251526,0.07421308363709556
-0.40552438458276563,-0.4001617769860306
-0.23128992295173023,-0.9496131720815413
-0.6854535836405693,-0.3804242815818015
-0.7150089141969735,-0.002223693097287871
-0.40541841938533274,-0.8158660278350491
-0.9500566757659008,-0.10192246413974826
-0.12097662273417975,-0.7886706314765122
-0.5737905919498334,-0.9377318342309773
-0.5349880155843376,-0.7406420435515293
-0.12467734370359307,-0.5300531900080945
-0.2009624308261304,-0.34641058828444526
-0.3893786466065374,-0.5747112472578078
-0.8447013306567899,-0.18491393793513833
-0.948376186101026,-0.7296674216903545
-0.5352313538879043,-0.4379910021825728
-0.9557528969420055,-0.3527795617009175
-0.22264542062103598,-0.4573019364522082
-0.6729522548299545,-0.21783692669647858
-0.5032474792603996,-0.5711870340136709
-0.41707817301241223,-0.5849181275885931
-0.317867297899483,-0.7730529575188219
-0.44942357309627967,-0.6875868626267561
-0.7182859592404003,-0.6472260269875534
-0.7053939114420593,-0.9843168184561664
-0.02546929179989843,-0.14002957175788056
-0.9765867785381919,-0.155931479744722
-0.6959502937427038,-0.8773007457786637
-0.491216838316306,-0.2762938135897226
-0.16517799370244202,-0.5557843790585395
-0.8556031820416483,-0.9386949955883879
-0.25566595232497336,-0.135846234111608
-0.46293248786478536,-0.4250766702054998
0.21663900001554337,-0.4379004996662217
0.5388977881640942,-0.20426859396514563
0.7935768198120237,-0.052076719474255295
0.22196197770198345,-0.17794306038659058
0.647247221497947,-0.2307778480424636
0.8709690270549915,-0.6285338559896287
0.9132292421669159,-0.8620839672871576
0.9713009082212014,-0.5158894569769992
0.5738067725105902,-0.36918620850397454
0.3134733290825844,-0.34961987155061025
0.8725612429378533,-0.8719873067827582
0.0781891054720174,-0.4350551472599926
0.47500249621949675,-0.09556411822038569
0.5591689471335066,-0.2997494816665398
0.8543556389589053,-0.5307158362890929
0.5386097872826796,-0.9779374711427056
0.46622604483056196,-0.7368646297454804
0.4491965736952579,-0.776814000085505
0.954013908877887,-0.7962137982541264
0.9517305116382626,-0.3262084164577863
0.28513039907038307,-0.157503893411856
0.9493811920971029,-0.7290809264106184
0.3841472940487378,-0.5874957723276948
0.16093520198739197,-0.721606597308609
0.8165317719333074,-0.5208762186660552
0.6516335011295253,-0.7422602650531096
0.4042921923636589,-0.6566121845891009
0.4993036634858494,-0.7398275197387361
0.39231229027585046,-0.23440247112722434
0.9398240922145409,-0.8121985684211632
0.6947758611427475,-0.8752118628034455
0.7570311226026958,-0.19171935669793405
