feature 1,feature 2
0.148575150180422,0.3344246743883621
0.10500193481577824,0.04033978462150234
0.37905350206312227,0.353026771554493
0.257885693559768,0.7549440270541059
0.35293587445272445,0.6099779993615395
0.7202793866988699,0.44562860641696744
0.8687340295380297,0.8511370258135527
0.9009183411505914,0.1632445859783871
0.3547862597777456,0.1315631096819927
0.9932736741478108,0.11086341120525489
0.6450695887683935,0.6079170151050406
0.15257672033362635,0.2134300927657118
0.3135121269491141,0.9370746633997844
0.47307045666958514,0.7659876496595461
0.4167259534300696,0.6740266567273441
0.6187223109570272,0.6202267893583615
0.6346106244264735,0.860796840338651
0.8593953046851461,0.6162407591288339
0.6164704200184443,0.8953760519289415
0.773849800418539,0.291621625310412
0.8563641962279029,0.8582790400309255
0.9223811276478284,0.8107012839121275
0.6802161568783998,0.9789022619301129
0.27258270795849615,0.522243074086316
0.7841693778804688,0.9106693730078566
0.01050474489571429,0.6529149322154832
0.5047957646075758,0.06258803670186386
0.6282513711823237,0.3702686197489682
0.6101806369913254,0.645967610083535
0.7591637099030584,0.7411568500920138
0.09746757873317224,0.3837903953853865
0.022684797721875594,0.0030325893743992083
-0.6168141085303485,0.8364781733508742
-0.3470773835120162,0.03542328676942286
-0.46934772488906606,0.20310775859964814
-0.20765461678148922,0.39093441337972434
-0.7662039185832719,0.8796642472269502
-0.11490897037050884,0.2986446491537633
-0.5760118906026839,0.31470696434025713
-0.07928345759614741,0.72912721904534
-0.5685186416470918,0.35562640062008843
-0.20691443535745968,0.24417340045574698
-0.8524068705292023,0.10770856880264157
-0.7267981926976548,0.30327952095455313
-0.641287979421518,0.4102782911411267
-0.7949805440186415,0.8744569744729023
-0.02466586275747118,0.30444851909094495
-0.451889558625588,0.10835600503158682
-0.21508362754103993,0.5085299466940454
-0.5251330632503874,0.02472755509158131
-0.10657094548295931,0.0030359207003327615
-0.932647192251072,0.7583715452024953
-0.854473987271613,0.6437201185807124
-0.5523647703547538,0.07394884578682714
-0.9131749342903617,0.2663027511880447
-0.5947347317293137,0.17517174221880372
-0.8611523145078133,0.03811958181654074
-0.8715821258497318,0.16394280382879756
-0.28923086262852116,0.5675835689707944
-0.07464878986921297,0.9619747563253702
-0.45701599491457734,0.8084865828151302
-0.8147490338972656,0.4967686993524627
-0.1605453661477554,0.2770518953281711
-0.10277873809091487,0.4441418764054741
-0.765383622075211,-0.7496284155948991
-0.15474160597278175,-0.3941381887191415
-0.0032644545210405163,-0.16214910099090418
-0.15490314337611077,-0.9159506496571894
-0.7199518048933646,-0.44637138441738844
-0.45718123910657127,-0.006609154364106917
-0.6871259146578279,-0.49951420367080934
-0.9161695665674849,-0.16163424819575734
-0.16844979295335616,-0.14211133313971147
-0.9972927485690637,-0.4003989448695282
-0.4099185846916875,-0.027999012404793966
-0.7964350547591925,-0.694281721631336
-0.6621298738556709,-0.44281932193608275
-0.1545427262121355,-0.30695166409456354
-0.7319695430987185,-0.942434647373322
-0.5032474792603996,-0.5711870340136709
-0.0814696056535722,-0.2844034693491164
-0.038986105484342115,-0.7901396431636503
-0.3864468009557176,-0.29408299309528685
-0.7559235303104423,-0.00964617977745963
-0.6362398312017103,-0.3086654333522736
-0.9095626597876212,-0.947266051005496
-0.9616154463538866,-0.48037358250993156
-0.7026745444937741,-0.17075175254595254
-0.9327727996334347,-0.874693593089291
-0.36745970054138644,-0.7962152238679729
-0.6162653505625142,-0.3532568757689585
-0.7579499990296139,-0.16210441962504918
-0.4615135381012381,-0.2454316737907547
-0.581881252586308,-0.8306233162493863
-0.18209411117146024,-0.6534113598583084
-0.35843987005652833,-0.6269629792002915
0.6884246505722862,-0.031958854981191775
0.9398240922145409,-0.8121985684211632
0.9713009082212014,-0.5158894569769992
0.801403728022517,-0.15655814625308917
0.3573399133451296,-0.27616001832427006
0.3180908202644648,-0.577536337054138
0.8861516754894152,-0.5186145763349901
0.5591689471335066,-0.2997494816665398
0.60887441535901,-0.44248025517089395
0.39204123610758446,-0.6922081873202899
0.5607522471419608,-0.08400848199285704
0.852388136863564,-0.5426464407927825
0.41395297491143235,-0.8746207567562683
0.8387839464288347,-0.006073034188339488
0.0706202629051833,-0.569596255965525
0.7435671331844034,-0.5615720252839114
0.8455143810267887,-0.025876162362128197
0.6574750183038587,-0.28649334661282144
0.3665907532130104,-0.10819458724650333
0.26362705403333675,-0.4803928378716804
0.41479400006585543,-0.22153905661642304
0.47500249621949675,-0.09556411822038569
0.2693425465078829,-0.66809020940843
0.0650081328319636,-0.7692107156421653
0.7293178437162802,-0.6901493777131147
0.9212539510263995,-0.6061485910931432
0.11541765250008784,-0.3054459219389849
0.09315428406458981,-0.1343679955810615
0.3085851046499237,-0.6957914335554543
0.9258537504751596,-0.03290870656015055
0.24771864935314603,-0.09646464252554177
0.8766809136420757,-0.6375338676686797
