feature 1,feature 2
-0.42261252645860026,-0.28865456707010173
-0.22288379745930853,-0.1026127547549387
0.041915954544084366,0.24717137600551942
0.537974830361021,0.889531459764856
-0.9095454221789239,-0.3493393384734713
-0.6871259146578279,-0.49951420367080934
-0.16245895021585377,-0.2337229435010051
0.9391692555291171,0.5502656467222291
0.9320950102573544,0.522075580501566
0.2916447725729685,0.2738046349094865
-0.32005627241350365,-0.8421211941068889
0.9876967777993964,0.760629524297854
0.8854486381882245,0.5703790862968168
-0.5224457084633953,-0.7790517737372107
0.8888971653886069,0.2834687945971164
0.2992657980944293,0.6984468209883559
0.02770892841353545,0.017781111182111786
0.7361133802149007,0.6118508002352423
0.9028596207236645,0.9896385879319021
0.03844914156041024,0.21550536619130511
-0.9136525284059767,-0.6703703685411257
-0.48463422297757264,-0.07475408652136739
-0.1476373955280541,-0.09722595134064904
-0.9062961829447937,-0.44766088435820106
0.572411304522116,0.4688878641511829
0.3933016477537845,0.8449987623545914
0.18718490710809732,0.3582046382889792
0.7247274174934903,0.8990412473152842
-0.13739658731797078,-0.24191902923392994
0.4616419299614596,0.9625941809944933
-0.0032644545210405163,-0.16214910099090418
0.037581243486732197,0.4060379177903557
-0.9327727996334347,-0.874693593089291
0.19579995762217028,0.8437484700462337
-0.8995139803540357,-0.9301768946875524
-0.8749474085143085,-0.08211896680635933
-0.13668090754064122,-0.7448393944088725
0.7113921876750788,0.04289137808717891
-0.9801523577443287,-0.07180968109299224
-0.22897619052615537,-0.3192257914909886
0.27258270795849615,0.522243074086316
0.541843689288104,0.6895664562337753
0.10500193481577824,0.04033978462150234
0.18069538091754578,0.01672109383255993
-0.6309579612872454,-0.5813013533265794
0.7891044537881828,0.5997105118946304
0.5287067728728547,0.24748616972801818
0.947600826714299,0.08839732500740438
0.11016989860457249,0.4661425920593496
0.34503691215407684,0.50474905887536
0.1707087287935043,0.7365425610265173
-0.2026739444553738,-0.7072520156755018
0.5027501720580914,0.31391031253427903
0.7741728485302346,0.5597510917152477
-0.18074221020953596,-0.37756500987321284
0.8301801368140864,0.06605773449227992
0.7591637099030584,0.7411568500920138
-0.4157107029295637,-0.2672763134126166
0.345405988417796,0.5933627943827446
-0.7602692653326344,-0.3247696571927441
0.9699793122817502,0.5440249526199807
-0.18209411117146024,-0.6534113598583084
-0.9335937824172669,-0.8428430056899585
-0.8873934486363253,-0.7623641674638562
-0.21508362754103993,0.5085299466940454
0.8833839733160611,-0.665285935526438
0.8346271509244856,-0.7263627381620772
0.6587893297176939,-0.4369576031701401
-0.5646652008389279,0.323368576799713
-0.17920634602067698,0.9647572338172128
-0.8352379087683146,0.3609986041494262
-0.30780054692442893,0.9512204017198298
-0.0227136191906685,0.5408148356155864
-0.8122854303532876,0.8192536388731848
-0.05543639167403658,0.7603134758429702
-0.3844083366385087,0.8275768877465186
-0.44619102524438214,0.9670429454304441
-0.6451424610605863,0.09005383779387666
0.6783607899605972,-0.6786408305763096
0.5469462513732013,-0.7382526785633003
-0.14008476044035656,0.6618983421101368
-0.5247249120152007,0.45643269722371915
-0.6502371256480812,0.7114745178115727
-0.8356566650471453,0.9357200696900609
-0.37206656524529436,0.7768073446173624
0.38471784492211625,-0.47187603061256245
-0.8508987126404584,0.9737738732010346
0.5783424772146766,-0.003115602141885443
-0.35666002068090275,0.696084179202968
-0.5053193683618333,0.2812303670977747
0.8542212577168546,-0.7892135637843896
0.7790386220875263,-0.2570654747512464
-0.35394530849181227,0.7958383739153316
-0.9220413586777392,0.33369478261131613
-0.08786003156592814,0.5703519227860272
-0.5030217203710685,0.48789258514535394
0.7881984073582688,-0.5400907882178276
-0.825814466408457,0.23413303223560256
-0.46201319112980466,0.5951182012743763
-0.09124533088007825,0.6887141654792319
-0.4603585597435713,0.6500988203601241
-0.5479420043680006,0.28095208435168795
0.26362705403333675,-0.4803928378716804
-0.6229187885014977,0.34492099605005766
0.5084965193641615,-0.21360959794415546
-0.6767425718107725,0.7971083770541585
0.23917867491968137,-0.2890139791172852
0.3840225118933094,-0.0841420111319442
0.873459977473469,-0.7249581117080135
-0.7949805440186415,0.8744569744729023
0.4124844543129924,-0.8373024387162005
-0.0514899580460928,0.12135658987789988
-0.07928345759614741,0.72912721904534
0.17670444196630664,-0.20463117113389062
0.6348871234768818,-0.31636529660424806
0.6028915524459073,-0.2158128461908546
0.10231992383274413,-0.12364277350331099
0.42641376656523544,-0.6015694502118938
0.5399871061972217,-0.5683579450063136
-0.19358448773349557,0.6672880209503447
0.6073441537982289,-0.6268598822279283
-0.854473987271613,0.6437201185807124
-0.43992534089902113,0.7166833535982418
0.08281521469517039,-0.6917099136430258
-0.25765515312474485,0.2021483336004659
0.8290973276971179,-0.13195805458248233
-0.9371416286265315,0.2728208225275608
0.3765484715604741,-0.7188940648432784
