feature 1,feature 2
-0.8308692438055243,0.21369391108027824
0.4266991717691049,0.7904136753743987
-0.42273889351948846,0.16247644284522456
0.38789688893420005,0.08544888669519235
0.6883408979383943,0.6113403059001064
0.4073719549215915,0.08139695328982066
-0.15173865739522796,0.47288847124944566
0.21581018558688925,0.5297665230842565
-0.5071959335217864,0.6382046353483994
-0.25596382841443366,0.5528259214839937
-0.14360077014877048,0.43519553131635247
-0.10716096719683565,0.596760681036705
-0.38414011681761817,0.4093615254732934
-0.4907186904724723,0.36300544444785854
-0.48244003679996617,0.32504456870796394
0.18339432461265104,0.40526754617103267
-0.35529231005055406,0.6197488917092697
-0.542249075033002,0.19370375377551885
-0.42151045605469095,0.8001663660329614
0.16638160855419515,0.18568036101622032
0.9012142938751122,0.14687577624657222
0.8804604828499152,0.1509483557517579
-0.2815825060346193,0.6471044532236381
0.16889781951485205,0.07666388651142686
0.30458329718387933,0.6912087259798136
0.2728604990872734,0.4129514529738023
-0.367687790046499,0.014469617376784871
-0.15728599544585964,0.475164603177783
0.45191135774047875,0.7942205199051542
-0.25077477074705756,0.25171983142847276
0.03844914156041024,0.21550536619130511
0.41812103890183283,0.7419382474921712
-0.10938948999466902,0.029634707859380383
-0.25765515312474485,0.2021483336004659
0.23260097185144812,0.11375688634419179
-0.12119002061109563,0.22587916498905103
0.5079238071935679,0.6098135536828773
-0.513206633562939,0.1146743391460161
-0.37206656524529436,0.7768073446173624
0.8781369589005832,0.2727485630667488
-0.24906214306699925,0.6076290903868935
0.52380362520974,0.6672999238751711
-0.4538583800543752,0.03615753247763087
-0.4269174957434312,0.1816665211380215
-0.08965601653268718,0.33552118320630586
-0.10336188926115564,0.02086497800846443
-0.7442663975551649,0.5310935010317217
-0.532575836179134,0.08002382920902118
0.19431061198060373,0.30826547405574733
-0.38749275842677666,0.24779167258327695
-0.44144782309117914,0.2857638201174153
-0.6727523576166616,0.5896190974998587
0.7782558478800199,0.15761350902388105
-0.22119012204224942,0.08352192853512652
0.12459363175581961,0.9152505690107604
0.33560936645281303,0.1864431402147686
-0.8666959188786201,0.03681604389040816
-0.24042843964154037,0.7266672991436505
0.18127566798927552,0.3220285084946406
0.022684797721875594,0.0030325893743992083
-0.3158365025681851,0.6425146093440257
0.41115034503137693,0.8504966348313316
-0.3005935405083009,0.5493070623623637
-0.5760118906026839,0.31470696434025713
0.37265439337219486,-0.8607177036751885
-0.6621298738556709,-0.44281932193608275
0.8935124893844815,-0.199575448300656
-0.7723232130467972,-0.30955371439661583
-0.012371919086142658,-0.22470238908870588
0.5930745819523526,-0.036955296974899854
0.35508453491790637,-0.3762722841662336
-0.40552438458276563,-0.4001617769860306
-0.8847048356019502,-0.3151040423305733
0.5738067725105902,-0.36918620850397454
-0.07260319012003569,-0.29329554394789437
0.4651441944205006,-0.5701192428184865
-0.6602379878985294,-0.6100496001994216
0.07740359590542845,-0.0043749839314195516
0.9467652383296423,-0.06998096494714479
-0.2934971829958717,-0.40692883742468955
-0.08175195342663821,-0.39342821830143415
-0.5399823254245939,-0.7588662284454424
0.23625648091579166,-0.283674563934319
0.6992947813548229,-0.5053037965136047
-0.08339871694268708,-0.030607425739906047
-0.22897619052615537,-0.3192257914909886
0.6866523355757663,-0.02981068004091969
0.059319447891239774,-0.5162134117742216
0.11541765250008784,-0.3054459219389849
-0.05684762289968326,-0.17631817170546293
0.323555464943277,-0.8463939033711569
-0.6294592892333526,-0.4427138737699272
-0.20136816838138372,-0.6951679733391651
0.5444895385933148,-0.6025686369316552
0.6884246505722862,-0.031958854981191775
0.4832829036720845,-0.014861858493404823
0.5124272279003537,-0.08295398223621864
0.6073441537982289,-0.6268598822279283
-0.8692676848712295,-0.024857612653231387
-0.7759221956638953,-0.20428880190851673
0.6452011213193165,-0.2796187171774742
0.456741708679292,-0.30838780317915004
0.3840225118933094,-0.0841420111319442
0.3550632277673693,-0.2537547631552328
-0.01436083093435081,-0.4001158604459547
-0.4964018821860945,-0.3086080129921611
-0.812446947485967,-0.02773902957015184
-0.13739658731797078,-0.24191902923392994
0.24258489809922024,-0.3319000686624616
-0.5057935319797071,-0.6809106397736233
0.5510552333900212,-0.09342233050394477
-0.09891172937981296,-0.74168116969701
0.3174155510017522,-0.003608567093722037
0.4771949162646614,-0.3687453124733
0.16585211360852625,-0.4937969216407825
-0.5507903541200361,-0.0951209677346132
0.5399871061972217,-0.5683579450063136
0.46622604483056196,-0.7368646297454804
0.4653981011805608,-0.19094522885226062
-0.12097662273417975,-0.7886706314765122
0.38506486307421595,-0.7311297411837563
-0.31879166683741667,-0.856576222304698
-0.5080845432309837,-0.6786372534808887
0.1543997734691016,-0.9125218553821053
0.9191532886420668,-0.024291912147275108
-0.22264542062103598,-0.4573019364522082
0.47500249621949675,-0.09556411822038569
0.6747341595403014,-0.6605431428461537
