feature 1,feature 2
-0.09891172937981296,-0.74168116969701
0.006167901559672728,-0.10130051592071587
0.2268227784214154,-0.6659321078158495
0.10845302826403325,-0.9895407729141745
0.06517886510317172,-0.8963529263551462
-0.428483350814588,-0.13446624080147473
0.06233905600206402,0.873211384589923
0.2879990864780315,-0.1825316578038072
0.1774630442626397,-0.24934018416079629
-0.4350078680542955,-0.29389921679939524
-0.4964018821860945,-0.3086080129921611
0.4111717252876492,0.37681003698427373
-0.14008476044035656,0.6618983421101368
-0.14259595802713276,-0.9416604727094711
0.8654210162655227,0.08850793222739539
0.41092166056697255,-0.1447973325933254
-0.12097662273417975,-0.7886706314765122
0.022684797721875594,0.0030325893743992083
0.4920897585308466,0.16673753019431925
-0.6310474937327213,-0.27552911669542324
-0.846275849447673,0.0012485361408356432
-0.20481120407441145,-0.45156959530265994
-0.34920060368146455,0.4929828102360483
-0.083137151737124,0.45001215259823746
-0.9999767304892677,-0.16686834303541564
0.2372227564303686,0.5054332791152825
0.541934359909122,-0.012408807271218514
0.2365095430605919,-0.2621727208604552
0.3180908202644648,-0.577536337054138
-0.20948136913768445,-0.6364422655652762
0.21550424450544514,-0.40939704485633444
0.1346244392578071,-0.4868744325972725
0.49488881319338796,-0.05238034320410678
-0.9161695665674849,-0.16163424819575734
-0.2533813674404941,-0.45851065371289246
-0.1476373955280541,-0.09722595134064904
-0.04024875939218231,0.25501092643674017
0.7024138280975374,-0.00970694597205135
0.4639878836228102,0.1973169683940732
-0.5093017806373581,-0.2214087719160469
0.5365468277290364,-0.16446643566533248
-0.26085160114645367,-0.07152296052155016
0.9679552959196565,-0.18133198736991396
0.6222475398669418,0.27190941432745697
0.2413209596491681,-0.5973757843551335
0.037581243486732197,0.4060379177903557
0.19645058812747762,0.4713262284783797
0.07740359590542845,-0.0043749839314195516
-0.12677162046246782,0.1601776693389092
0.2970096402373763,-0.4651959442849174
0.16561367016697925,0.9908750323826199
-0.2509035132408375,0.595464526696428
0.23002593607773325,0.549267561275576
-0.0721350266233276,0.9440106592630741
0.8894640445828206,-0.06519697750026054
0.06793494509552755,-0.7157257524130847
0.3840225118933094,-0.0841420111319442
-0.5701747259272083,-0.15029831426382612
0.6028915524459073,-0.2158128461908546
0.05408292782330326,-0.14783323221925704
-0.5994359642647482,0.23356721570508232
-0.9765867785381919,-0.155931479744722
0.4286532714699951,-0.07656771237376181
0.09746757873317224,0.3837903953853865
-0.9617102640063266,0.5582051727915736
0.742408964526104,0.5321295530706052
-0.20972451347136278,-0.9210809342182014
-0.847521564052871,-0.45059236990421603
-0.23875341304683984,0.755948640890139
-0.8987550554618517,-0.9212163326143612
-0.33687060186561246,0.7100604032398703
-0.8995139803540357,-0.9301768946875524
0.4374792357070605,0.4648020981167582
-0.3287790914603146,0.9570509367782811
0.954013908877887,-0.7962137982541264
0.5012295032817167,0.613669478534528
-0.35394530849181227,0.7958383739153316
0.5399871061972217,-0.5683579450063136
-0.7185769439024832,-0.5959686631950201
-0.6863745893663886,0.6546042994744918
0.3843226833882638,-0.8754164037398746
0.7454605009692037,0.6838671335836173
-0.5071959335217864,0.6382046353483994
0.9944757998072054,-0.9399479893412144
0.9977852240665812,-0.3467215011481781
0.2840632923085755,-0.8317200700099023
-0.9456651575488804,-0.8695908174790159
0.306325581062566,0.8766096368969654
-0.7514055530289105,0.4617349504072885
-0.2830685429114548,-0.7682618809497406
0.38506486307421595,-0.7311297411837563
0.45772288453989374,-0.8092014453735787
0.5217026618615634,-0.6245551886154959
-0.4595046157384335,0.9328347717328147
-0.8619848147743674,0.8815690410062158
-0.945808014993033,-0.5560556761341011
0.3899637722530851,0.7202447943784092
0.8164569774006458,0.5174306423278414
0.4586895881759927,0.9336909995985707
-0.9392258806063263,0.8618973910139556
-0.38879156901957024,0.7533015236564011
-0.6659161841981003,-0.6647615674233647
0.30284077670372844,0.6594836074144033
-0.656641428303393,-0.4553853469612621
0.6217571620158369,0.671651855821032
-0.9756910506203673,0.9397576534152781
0.5597019777866996,-0.9207623493032857
0.4042921923636589,-0.6566121845891009
0.25318502218642047,0.8527652134601735
-0.949298513169085,0.9252968293558501
0.6786769847120047,-0.9923601546828338
0.21285811931917986,-0.9816058967667407
-0.38713435459325685,-0.9194839939815358
-0.948376186101026,-0.7296674216903545
-0.8904767223559373,-0.32960551670819815
-0.6999026706120315,-0.35064814621988005
0.7458916717528166,0.46444977281912236
0.651421903121334,-0.4285848646782193
0.7619460112793148,0.7658296330374443
0.773849800418539,0.291621625310412
-0.9598576044445473,-0.35584166883364343
0.45292343022600967,0.9836199026987269
0.8874031856404416,0.9202712088108944
-0.5897207190359857,-0.6186245586726669
-0.8556031820416483,-0.9386949955883879
-0.42818642152167974,0.6318938779372345
0.5768946865065974,0.3299698069519905
-0.689519508138575,-0.6361437390094578
