feature 1,feature 2
-0.3311976420225027,-0.21085536936215243
-0.5224075772369214,-0.0975213116380238
0.059319447891239774,-0.5162134117742216
-0.19518748140137654,0.7691737764592275
0.37088776644380306,-0.33508768570257597
0.11541765250008784,-0.3054459219389849
0.004390020662485172,0.19077003464008757
0.6413923215335586,-0.04529920375519736
-0.8175877939026193,-0.01115939059483706
0.06458375190290888,-0.7934699822499032
0.3818754762049319,-0.22652930739892518
0.04291927744294388,0.9546158159830074
-0.7856559773204479,-0.10517526635309071
-0.12600822866875827,0.18712187075757192
0.9826558031284411,0.08896466560052585
0.32760905524361017,-0.05073824850037223
-0.2880546426974768,0.5156922209287382
0.2596413088694154,-0.19357873363235445
-0.5006639822816281,-0.021150072713719048
-0.2470732662439008,0.6211066615636658
-0.7780210615730379,-0.10588891238714915
-0.09091787046445354,0.2551161601681269
0.9386050712381979,0.046195688340297636
0.09286063215569462,0.9340705505122924
0.2372227564303686,0.5054332791152825
-0.6096669655626992,-0.021214925186822553
0.7477801551250305,0.1948262043406166
0.7570311226026958,-0.19171935669793405
-0.002208670928116163,-0.9757937664477851
0.41249232511052436,0.2453790818995949
-0.19847387824934803,0.11928066261643577
0.9688043614071042,0.05138036460537165
0.7340629922448971,0.15735081714478683
0.34520423645025256,-0.1124995613908577
0.24550680647968215,-0.5546478417538301
0.011705385903657994,0.6814060560224
-0.4381309806252385,0.08539216631649693
-0.20398941409099436,-0.39416854233361476
-0.06002346368412681,0.7802822747920293
-0.06880396373507969,0.08528926941515325
-0.13668090754064122,-0.7448393944088725
0.9614786871668588,-0.18483158285236612
0.14608440123803135,-0.3495776074475774
0.5100838574925566,-0.07892100545171998
-0.2931572413945638,-0.5262588820510359
0.9342532305183409,-0.1644780414498006
-0.18979461094486716,0.8122220042649941
-0.9765867785381919,-0.155931479744722
-0.08752698208891596,-0.2618939564781668
0.5287067728728547,0.24748616972801818
0.16862862384620048,0.802316020981978
-0.15173865739522796,0.47288847124944566
0.34295829733441385,0.2645643072752797
0.1432253789397997,-0.44004181267943165
-0.011575105499400218,0.6564985048744367
0.10541415143709054,-0.20689263602007357
0.10500193481577824,0.04033978462150234
-0.36249499413586017,0.2517827528740182
-0.1476373955280541,-0.09722595134064904
0.045465658763988115,-0.14491796328290074
-0.2533813674404941,-0.45851065371289246
0.6119850995503162,0.10045308431252353
0.04878053865516008,-0.11847450612354371
0.772391560930149,0.1860886683735683
0.306325581062566,0.8766096368969654
-0.7365699428418129,0.7305915178178248
0.7455076791322559,-0.774839219176126
-0.7439083220844551,-0.6961946129754113
0.4757390371230601,0.6682891940013516
0.7891044537881828,0.5997105118946304
-0.8763830786215547,-0.815278943777243
-0.8217511357679668,0.5105408409936159
-0.26143845956891787,0.8658497251393442
0.5479827563055251,0.5458429637522302
-0.609514024403911,0.44490423052301065
0.2721920928190844,0.8265738951524735
-0.9972927485690637,-0.4003989448695282
-0.765383622075211,-0.7496284155948991
-0.7949805440186415,0.8744569744729023
-0.5159099682749451,0.9733251865342929
0.7202793866988699,0.44562860641696744
-0.7212878518543517,0.6698604735985982
0.6217571620158369,0.671651855821032
0.7881984073582688,-0.5400907882178276
-0.8317863877700051,0.40193826291824
0.7293178437162802,-0.6901493777131147
-0.5080845432309837,-0.6786372534808887
-0.9085159323749743,0.7430736123047526
0.7801940703676167,-0.3082450785242852
0.5504881036698985,-0.5311487999769706
0.5145659565510015,0.7959292936955771
-0.43593085485738703,-0.6451209124405544
0.52460524900192,-0.9221239666246688
-0.32558684886849587,-0.7143160703713363
0.9029814203535744,0.6769836676860497
-0.9122001147139898,-0.6685004403596881
-0.8330718300212334,0.7648327368146774
-0.9335937824172669,-0.8428430056899585
0.4521826674453231,0.9517041589250692
-0.6439280662604971,0.9221406349389103
0.9823372522739531,-0.5366565972331132
0.2846510518104548,-0.8702928110340633
0.4234456114920975,0.9622874635836438
0.3538815659936747,0.6758167497036072
-0.720455246747421,0.5905346237197804
-0.2878065482043075,0.9730304975859594
0.9398240922145409,-0.8121985684211632
0.4781339518787451,-0.44507064055009193
-0.44597495134804244,0.8426150244259509
-0.7160560204780122,-0.30411717683566675
0.5998321707463787,-0.6429106758913328
0.8152220051131098,0.4280652889337129
0.6356684323500432,-0.7595818892587831
0.41864165694521915,-0.6653573919978792
0.9469779383547938,0.937755710571383
-0.5092953716675779,-0.8845356815497656
0.6443597736328466,0.7006960022397908
-0.6650178218117846,-0.7054488728958181
-0.9131749342903617,0.2663027511880447
-0.7386953123530742,0.58101958854977
-0.9220413586777392,0.33369478261131613
0.35364259771479123,0.6569385988982341
-0.5391666757653002,-0.9970523558273772
-0.8836724089890484,0.9897326343395343
0.8035480570924574,-0.5930545150048083
-0.545460745473697,-0.8536081524631127
0.6355706597138902,-0.5729772673786562
-0.7995088725542467,-0.9668150387348042
