feature 1,feature 2
0.41115034503137693,0.8504966348313316
-0.4707299461492853,0.32393788958773717
-0.13236516084694094,0.819886287708784
0.6918428793554643,0.22720822847491684
-0.5247249120152007,0.45643269722371915
-0.11490897037050884,0.2986446491537633
-0.012906839319762664,0.4045175320633285
0.4400730730921487,0.2822952657705946
-0.6371291298204054,0.16608312193938435
-0.5030217203710685,0.48789258514535394
0.5988317579379585,0.3893929417088535
0.8129442219290939,0.2484759918279842
-0.092020177600602,0.5248939173497369
-0.8524068705292023,0.10770856880264157
0.4639878836228102,0.1973169683940732
0.6999507429613239,0.33804467465821664
-0.7602178130545758,0.4698516947897884
0.28194415469066403,0.6449611272687219
0.19645058812747762,0.4713262284783797
0.5890310889814974,0.4141729545333963
-0.37128803784734665,0.01714138232940554
0.41371468769523423,0.4580143360819746
0.7109211680220144,0.40731571876004735
-0.5947347317293137,0.17517174221880372
-0.20192936471513057,0.6796032133288534
0.001207142309415099,0.3592406654702156
-0.6377013009306394,0.3622357079299656
-0.5055378511936459,0.7414998025450228
-0.7142480773211766,0.5506923008062712
-0.7458789746962304,0.04448652010960874
-0.34940973195393776,0.42524266619702566
-0.46264528123010784,0.08326842932173384
-0.6926179143115909,0.14521446576404484
0.30194693430190833,0.09086373881381093
0.17172957690703838,0.2495677255788049
-0.0992980421891747,0.49765267392661294
0.0007188924311212208,0.3817679531016456
-0.7175529132537011,0.14175483367895247
0.30229516976334825,0.24185713495686234
0.10674237949954368,0.006264945103080066
0.43194445769479506,0.3178478838203027
-0.5686496952045657,0.3177709404653144
-0.8649949066323561,0.03740198876119005
-0.3022634669140094,0.8590582884956517
-0.618146829856713,0.3892819177874556
-0.40490309736235885,0.13004398571803222
0.3542412794700187,0.2115584989053807
-0.7769755753574472,0.03172380542465625
0.6550126397464424,0.39441876381927354
-0.8261594238251526,0.07421308363709556
0.25318502218642047,0.8527652134601735
-0.005650471983145389,0.2356944804024277
0.16889781951485205,0.07666388651142686
0.572411304522116,0.4688878641511829
0.48576298733587797,0.4758347867080508
0.6222475398669418,0.27190941432745697
0.5612634348511143,0.16754556102822327
-0.23134670568063664,0.3592945653861397
-0.6674332624878412,0.4760672328527409
-0.6493941152846807,0.3800097816413315
0.41325973975741914,0.22001483415897138
-0.661014506627815,0.11360252491670031
-0.7181515500504747,0.6043939615080793
-0.22119012204224942,0.08352192853512652
0.801403728022517,-0.15655814625308917
0.6452011213193165,-0.2796187171774742
-0.21551190980053536,-0.12505015595254187
0.592482901082737,-0.4561079211631025
0.16731222370174414,-0.8445307260700303
-0.6294592892333526,-0.4427138737699272
0.2840632923085755,-0.8317200700099023
-0.5169263165966365,-0.2914573455655687
-0.24748082893816847,-0.8329985666026625
-0.6602379878985294,-0.6100496001994216
0.08707643468529214,-0.8365493085064435
0.37113057445794273,-0.1393882102010746
-0.0814696056535722,-0.2844034693491164
0.5217026618615634,-0.6245551886154959
0.6818174208058143,-0.557522607107872
-0.13668090754064122,-0.7448393944088725
-0.8317446754812343,-0.2137921848811979
0.10541415143709054,-0.20689263602007357
-0.09741177394149014,-0.633115607193131
0.41447726862679724,-0.6949219141714773
-0.4157107029295637,-0.2672763134126166
-0.5006620945195397,-0.47350530696397763
-0.8447013306567899,-0.18491393793513833
-0.005502988215229099,-0.3982433803664607
-0.8396399718361931,-0.29045741632803157
-0.32005627241350365,-0.8421211941068889
0.045020362171176886,-0.8907311599980554
-0.07260319012003569,-0.29329554394789437
0.3757714446016267,-0.8643258817896562
-0.6912745694515954,-0.03771979629036504
0.4771949162646614,-0.3687453124733
0.11541765250008784,-0.3054459219389849
0.0934205586865593,-0.6302910889489459
-0.18074221020953596,-0.37756500987321284
0.5351352570358365,-0.16699113619224204
0.24771864935314603,-0.09646464252554177
-0.21694860364434132,-0.1747563183027525
0.8387839464288347,-0.006073034188339488
-0.43593085485738703,-0.6451209124405544
-0.7579499990296139,-0.16210441962504918
0.5750981717175585,-0.4979972334753995
-0.22264542062103598,-0.4573019364522082
0.3573399133451296,-0.27616001832427006
-0.5493661400975298,-0.498066677319404
0.3227412221408288,-0.6296088642650641
-0.7150089141969735,-0.002223693097287871
-0.8847048356019502,-0.3151040423305733
0.3841472940487378,-0.5874957723276948
-0.014763812014260802,-0.3424967794249836
-0.7791362731777947,-0.42162510740810033
0.06314430537346238,-0.9346818784310083
0.2158104281814075,-0.3812545642744358
0.9316443223064399,-0.13500424333973604
0.8083173889874968,-0.3034890659533993
-0.5513628822929475,-0.5478418579788746
-0.26448129824542077,-0.17174049494214594
0.6766574094222757,-0.06261368041005944
0.5865227008765088,-0.36647664586494666
-0.4099185846916875,-0.027999012404793966
0.26362705403333675,-0.4803928378716804
0.1825508714898585,-0.20199459225973948
-0.08339871694268708,-0.030607425739906047
0.38471784492211625,-0.47187603061256245
-0.2780522061199464,-0.8168358533467317
