feature 1,feature 2
-0.428483350814588,-0.13446624080147473
0.09771733015471185,-0.4247345419126436
0.18058988502961548,-0.4638727183542475
-0.10938948999466902,0.029634707859380383
0.1350816965231163,0.3789299382745315
0.022684797721875594,0.0030325893743992083
0.29183448266320244,0.14155660933782377
0.10870810502280137,0.22344149246870448
-0.4557097255400746,0.1804613337381742
0.3573399133451296,-0.27616001832427006
0.10742297071602236,0.08340962482000802
0.4832829036720845,-0.014861858493404823
0.03489270351008256,-0.13914517935801962
0.21550424450544514,-0.40939704485633444
-0.083137151737124,0.45001215259823746
0.013840875923669227,-0.18117585636596334
-0.25055605898524713,0.09973712555241043
0.176404533896781,-0.03805422022775251
0.3665907532130104,-0.10819458724650333
-0.014929238571421477,-0.11578593064055998
0.18127566798927552,0.3220285084946406
-0.13739658731797078,-0.24191902923392994
0.03260069660239062,-0.35408705411750807
-0.37128803784734665,0.01714138232940554
-0.2911501024138903,0.011268306843917664
0.3134733290825844,-0.34961987155061025
0.18339432461265104,0.40526754617103267
0.24014551185702704,0.06692218395264304
0.49488881319338796,-0.05238034320410678
0.27333936433441464,0.22786716952012354
-0.014763812014260802,-0.3424967794249836
-0.40120882325663754,-0.2825689491659731
-0.23960876242828588,-0.20235443820619903
-0.44634440552989685,0.18470065718672446
-0.1262985947696409,0.45901645730479346
-0.26443373456149355,0.26461166118715895
0.00022550415325395257,-0.17608380993179606
0.26367442433959853,-0.10310895604336046
0.4871878323531196,0.012532118990405516
0.030011319419446236,0.07110762975934515
0.2596413088694154,-0.19357873363235445
0.2075909058987755,0.37317982698521357
0.33039444139240026,0.04613084953823865
-0.12600822866875827,0.18712187075757192
0.31048396127804345,0.10171474121827861
-0.4269174957434312,0.1816665211380215
0.019708019100915353,0.002551289251458755
0.2363114686362382,0.4049299410882079
-0.12677162046246782,0.1601776693389092
-0.11911729937515192,-0.3953335012970125
-0.01427083110510674,-0.1914205054902618
-0.11490897037050884,0.2986446491537633
0.18069538091754578,0.01672109383255993
0.10500193481577824,0.04033978462150234
-0.21551190980053536,-0.12505015595254187
-0.3311976420225027,-0.21085536936215243
-0.40490309736235885,0.13004398571803222
0.35487614245658894,-0.1430841923024091
-0.0032644545210405163,-0.16214910099090418
-0.2633055724112974,-0.1353075471933054
0.02335488423133225,0.06422697053063131
-0.3570085975042361,-0.047126027312416774
0.19216391047661197,-0.1323121542895116
-0.016768249766335286,-0.05305645843886864
0.27258270795849615,0.522243074086316
-0.4841167445696888,0.3199680920683581
0.26680751302084693,0.7429211803754354
0.2409475701039412,0.48450637439817434
-0.21508362754103993,0.5085299466940454
-0.06002346368412681,0.7802822747920293
-0.5625803993528335,-0.6343244402623658
-0.6729522548299545,-0.21783692669647858
0.5100838574925566,-0.07892100545171998
-0.2652185426058591,-0.8259655633944225
0.6072070708830704,0.01041354715327647
0.20588575295892309,0.6534147194829749
-0.32944189984340855,-0.8659669244975801
-0.45838734392605485,-0.5048804594402272
-0.6604841898249185,0.039547897112035324
0.07991426056111917,0.6840665887528425
-0.43244818840255106,-0.2738354072027298
0.38471784492211625,-0.47187603061256245
0.6341441418985598,-0.48419434591012034
-0.7199518048933646,-0.44637138441738844
-0.4628756650927148,-0.7980437863644778
0.7570311226026958,-0.19171935669793405
0.2701873017352876,-0.909391980455911
-0.2780522061199464,-0.8168358533467317
-0.6621298738556709,-0.44281932193608275
-0.8227905720606419,-0.02474438066557827
-0.6529509700269827,0.3899021778049234
0.9267888684271008,0.12033636692368388
-0.4073837590880198,-0.5327844979001801
0.5477593114603128,0.20384686203026314
0.4042921923636589,-0.6566121845891009
0.7435671331844034,-0.5615720252839114
-0.7102102558175538,-0.02109447944487397
-0.43992534089902113,0.7166833535982418
-0.7140166358943283,0.5230212634349445
-0.6095187940870159,-0.3093160955102243
-0.6854535836405693,-0.3804242815818015
-0.2075159621946825,0.5164769514081826
0.4097420200867634,0.6342562840311703
0.23643612663252211,-0.7977546477544195
-0.6792691877605137,0.3472908349498154
0.26680170863345154,-0.5197087624436139
0.6436618931707185,0.31902153728154037
-0.4484648634972861,0.7541811620363779
-0.42261252645860026,-0.28865456707010173
-0.42049709417246395,-0.6775574254919912
-0.011575105499400218,0.6564985048744367
0.6293420094199784,0.22366204020644287
-0.38737300244357464,0.5779703198415866
0.8349716862639804,-0.4189909886571592
0.7369359517958256,-0.025137603500972716
-0.7181515500504747,0.6043939615080793
-0.5635849308956555,0.7481435466103703
-0.18578702174874473,-0.8679803117195168
-0.3022634669140094,0.8590582884956517
0.456741708679292,-0.30838780317915004
-0.5006620945195397,-0.47350530696397763
-0.6371233046087461,0.05032676733412034
0.18482913772408494,-0.9070991745600046
0.2682080627526626,-0.8581355677324531
0.901062105172407,0.20130213309671174
-0.6229187885014977,0.34492099605005766
-0.7579499990296139,-0.16210441962504918
-0.2907556847184469,-0.42552201669183654
