feature 1,feature 2
0.4039337545154067,0.5915853388722021
0.6235395761802751,0.3129572146630053
0.08127024322021303,0.2748598029964131
-0.8352379087683146,0.3609986041494262
-0.5161366393689408,0.4279052650131796
0.32843876997793653,0.7633812236870161
-0.6277971643074454,0.6052866195914208
0.41249232511052436,0.2453790818995949
0.32382726527402306,0.5023542739080855
-0.1605453661477554,0.2770518953281711
0.6436618931707185,0.31902153728154037
0.5068558445139382,0.537845564215282
-0.8960574326970552,0.08259267060214093
0.7579578005645347,0.14354470409664444
0.7340629922448971,0.15735081714478683
0.12679070142528026,0.24922809622906317
-0.022306839486159635,0.3337285150922087
-0.6371291298204054,0.16608312193938435
-0.06880396373507969,0.08528926941515325
-0.3356179337687908,0.38723611494759047
-0.41556353907620447,0.8215403232878304
0.3542412794700187,0.2115584989053807
-0.6009150981417097,0.36045648486258264
0.23025828108239965,0.8212114344288435
-0.6493941152846807,0.3800097816413315
-0.05215755976779457,0.43279422391619793
0.52380362520974,0.6672999238751711
-0.46264528123010784,0.08326842932173384
0.21250587550195488,0.5296196018059909
-0.09047131489467786,0.34957260433482107
0.18339432461265104,0.40526754617103267
-0.5789861206693141,0.6180472805833528
-0.8395325086767156,0.04902277914050934
0.19808917430076312,0.2472975565805322
0.8152220051131098,0.4280652889337129
-0.598132622681887,0.07165536894616253
-0.7602178130545758,0.4698516947897884
-0.08868649442857413,0.24026519560307347
0.21581018558688925,0.5297665230842565
-0.17365496558456095,0.3516458502081472
-0.825814466408457,0.23413303223560256
0.5965903579335503,0.2999278615555303
0.7851179969799555,0.07868448383130144
0.7378099689574364,0.14121949327765937
0.6187223109570272,0.6202267893583615
-0.07213724637533447,0.8184404117231203
-0.3158365025681851,0.6425146093440257
-0.7223456547011797,0.2817494896064292
-0.4869398751115044,0.30834920294814894
-0.2880546426974768,0.5156922209287382
0.1611767005560869,0.26452857583906075
0.4097420200867634,0.6342562840311703
-0.7539934097525087,0.1172847929008507
-0.3120846268846289,0.4660002144452464
-0.10277873809091487,0.4441418764054741
-0.083137151737124,0.45001215259823746
0.572411304522116,0.4688878641511829
0.4240280406615615,0.6519564254161636
-0.33687060186561246,0.7100604032398703
-0.42818642152167974,0.6318938779372345
0.011705385903657994,0.6814060560224
0.02335488423133225,0.06422697053063131
-0.2815332612004686,0.18590170286985486
-0.5760118906026839,0.31470696434025713
0.5738067725105902,-0.36918620850397454
-0.2967546255207312,-0.797158343101567
0.35487614245658894,-0.1430841923024091
-0.2549334524808984,-0.862572644552078
0.3765484715604741,-0.7188940648432784
0.19216391047661197,-0.1323121542895116
0.07740359590542845,-0.0043749839314195516
-0.5701747259272083,-0.15029831426382612
-0.4038955827211137,-0.789270155498287
-0.2830685429114548,-0.7682618809497406
-0.8749474085143085,-0.08211896680635933
-0.11911729937515192,-0.3953335012970125
0.75330720531669,-0.19303426757520592
0.4563775124072067,-0.009017367587603076
0.8941813342170382,-0.007482494235276915
0.32760905524361017,-0.05073824850037223
0.16678358953224093,-0.19829716647272022
0.8332704716824146,-0.13802955897340752
-0.36399305005627225,-0.7798961509446465
0.6866523355757663,-0.02981068004091969
0.0659155731026706,-0.3513324937692488
-0.022204336415097226,-0.1964423986913515
-0.42261252645860026,-0.28865456707010173
0.5389858663838738,-0.6259125028849533
0.26367442433959853,-0.10310895604336046
-0.13454172796059072,-0.08460078968141205
0.15424517207664157,-0.2857576813989944
0.4281054467562535,-0.8172170273364472
-0.19425343473472578,-0.40941901190411345
0.5084965193641615,-0.21360959794415546
-0.0754088779987856,-0.17646891683098298
-0.6268659518973885,-0.4298096626123058
0.5455428393301582,-0.5261333501867027
-0.25566595232497336,-0.135846234111608
0.26680170863345154,-0.5197087624436139
0.7435671331844034,-0.5615720252839114
0.2554161061428357,-0.33018877068582775
-0.22288379745930853,-0.1026127547549387
0.7570311226026958,-0.19171935669793405
0.36946234510775855,-0.6747661213102174
0.6884246505722862,-0.031958854981191775
0.4832829036720845,-0.014861858493404823
0.6992947813548229,-0.5053037965136047
0.31738726323789,-0.6741311458371406
-0.506682768389187,-0.05807949513053301
0.10760448142475254,-0.3889513786839529
-0.1089167225162182,-0.5816290691841444
0.37113057445794273,-0.1393882102010746
-0.5597773481904937,-0.2989589314276764
0.5930745819523526,-0.036955296974899854
0.31631964859514694,-0.8597837207174861
-0.3436144927813769,-0.13196126765224947
0.36651752731919185,-0.8477382810193996
0.26362705403333675,-0.4803928378716804
0.21550424450544514,-0.40939704485633444
0.6766574094222757,-0.06261368041005944
0.7335407090120005,-0.4350425120459467
-0.10043070235735496,-0.6107549763584699
-0.4964018821860945,-0.3086080129921611
-0.428483350814588,-0.13446624080147473
0.7804300052723487,-0.42518080706884054
-0.20948136913768445,-0.6364422655652762
-0.32944189984340855,-0.8659669244975801
-0.3570085975042361,-0.047126027312416774
