feature 1,feature 2
0.3902891080951876,-0.19136246379141575
0.155186731762315,0.2691648351006075
0.10231992383274413,-0.12364277350331099
-0.08752698208891596,-0.2618939564781668
0.11811856989320435,-0.357675694728093
0.03260069660239062,-0.35408705411750807
-0.25566595232497336,-0.135846234111608
0.4468402273771699,-0.008248529842458385
-0.04619978706406003,0.43666235074400794
0.4563775124072067,-0.009017367587603076
0.061875356824187655,0.19026334981136306
0.02335488423133225,0.06422697053063131
-0.1605453661477554,0.2770518953281711
-0.2983617813299688,-0.2748804068818109
-0.3951609774429272,0.12681672896770824
0.24258489809922024,-0.3319000686624616
-0.21694860364434132,-0.1747563183027525
-0.3459336768735226,0.33518677112716944
0.19431061198060373,0.30826547405574733
-0.08339871694268708,-0.030607425739906047
0.33560936645281303,0.1864431402147686
-0.3311976420225027,-0.21085536936215243
0.12679070142528026,0.24922809622906317
0.2070576130022419,0.31901196330265424
-0.15173865739522796,0.47288847124944566
0.09746757873317224,0.3837903953853865
-0.39746947847999925,0.19671496859551763
0.34295829733441385,0.2645643072752797
-0.25055605898524713,0.09973712555241043
-0.05215755976779457,0.43279422391619793
0.025335451912832818,-0.4130223535837567
-0.02300873468018927,-0.19622560021853985
-0.08349421901696674,0.09123357863186987
-0.12119002061109563,0.22587916498905103
0.037581243486732197,0.4060379177903557
-0.07260319012003569,-0.29329554394789437
-0.3508283401994594,-0.26707693025720425
0.23917590979565917,0.30040218479630676
0.15424517207664157,-0.2857576813989944
0.19808917430076312,0.2472975565805322
0.10541415143709054,-0.20689263602007357
-0.08868649442857413,0.24026519560307347
0.14374454245437307,0.17553872172439644
-0.4157107029295637,-0.2672763134126166
-0.3855671659574582,0.09291708345624872
0.238980692019229,-0.0730119123988553
-0.32194041790259864,-0.3015808507746782
-0.02546929179989843,-0.14002957175788056
0.3573399133451296,-0.27616001832427006
0.10674237949954368,0.006264945103080066
0.3762694121730843,-0.12479375188921615
-0.13739658731797078,-0.24191902923392994
0.1432253789397997,-0.44004181267943165
0.18826143070427026,-0.23821828673795697
-0.372249006555059,0.0760454107278059
0.33039444139240026,0.04613084953823865
0.30194693430190833,0.09086373881381093
0.15380776925271822,-0.0149646123622722
-0.02075107589951042,0.28949049715363717
0.045465658763988115,-0.14491796328290074
0.20103372086730675,0.33007334909251096
-0.11935316326330203,0.23059605013960405
-0.367687790046499,0.014469617376784871
-0.15474160597278175,-0.3941381887191415
0.60887441535901,-0.44248025517089395
0.9081020545174447,0.2123492689017601
0.4039337545154067,0.5915853388722021
-0.20136816838138372,-0.6951679733391651
-0.3202500724638677,0.4495335430575229
-0.3844083366385087,0.8275768877465186
-0.2981699748958426,-0.7658659671447883
-0.6096669655626992,-0.021214925186822553
-0.4432630366746868,0.5965863944183734
0.41371468769523423,0.4580143360819746
-0.7199518048933646,-0.44637138441738844
0.5540985713035123,0.7244059473163775
0.4972904682524,-0.3648264094777667
-0.6066928300940826,0.4748521715413545
0.14252093987419467,-0.7139977546685472
-0.24883409472011198,-0.812036120318262
0.4757390371230601,0.6682891940013516
0.5455428393301582,-0.5261333501867027
0.4400730730921487,0.2822952657705946
0.7109211680220144,0.40731571876004735
0.1543997734691016,-0.9125218553821053
-0.2075159621946825,0.5164769514081826
0.5330300990651693,0.1674271754627279
0.7435671331844034,-0.5615720252839114
-0.679856730090854,-0.07688505116042021
0.592482901082737,-0.4561079211631025
-0.33151221836607836,0.5418244074916438
-0.5989505465993266,-0.016810906517126245
-0.7458789746962304,0.04448652010960874
0.3227412221408288,-0.6296088642650641
-0.3158365025681851,0.6425146093440257
-0.8564483875469739,0.3652344424468048
0.6235395761802751,0.3129572146630053
-0.85383687594597,0.2446865292344922
-0.6009150981417097,0.36045648486258264
-0.5408036784920627,-0.76489739969956
-0.5493661400975298,-0.498066677319404
-0.5378504068238572,0.34378548719745683
0.26362705403333675,-0.4803928378716804
0.5365468277290364,-0.16446643566533248
-0.26037348802564675,-0.8952899596250552
-0.5597773481904937,-0.2989589314276764
-0.7868139393840186,0.31569060920607206
-0.5947347317293137,0.17517174221880372
0.818909221874484,0.4442864709118117
0.33617027314129233,-0.5900314091683581
-0.720455246747421,0.5905346237197804
-0.7559235303104423,-0.00964617977745963
-0.6775623760497549,0.3128192070013138
0.22514693668963837,0.7473971869326901
0.040327002223986774,0.7043630006370802
-0.5590275818596493,-0.627123475711491
0.323555464943277,-0.8463939033711569
0.5220479818859978,0.2524406432628308
-0.9259847305690148,0.19253975696410608
0.35508453491790637,-0.3762722841662336
0.39204123610758446,-0.6922081873202899
0.8332704716824146,-0.13802955897340752
-0.6926179143115909,0.14521446576404484
0.30902242856227047,-0.45348094600358135
0.522055805004056,0.08253315735222055
-0.491216838316306,-0.2762938135897226
-0.06738048771965977,-0.8486005453804251
0.6187223109570272,0.6202267893583615
