feature 1,feature 2
0.6450695887683935,0.6079170151050406
-0.4538583800543752,0.03615753247763087
-0.8611523145078133,0.03811958181654074
0.2070576130022419,0.31901196330265424
-0.4603585597435713,0.6500988203601241
0.1155668347400498,0.4613010204784922
0.32982344897443605,0.5908999215794584
-0.3022634669140094,0.8590582884956517
-0.5685186416470918,0.35562640062008843
0.4454755044776093,0.31345896944321594
0.49636782409769276,0.6133301060536329
0.0007188924311212208,0.3817679531016456
-0.2771924418656273,0.7195893496232912
0.7372463359112216,0.5531937055834835
-0.7636703447566875,0.3934743307283013
0.6156918838825172,0.5245702695532315
0.5204557197793731,0.19127748121568855
0.3542412794700187,0.2115584989053807
0.19645058812747762,0.4713262284783797
0.5047957646075758,0.06258803670186386
-0.6038047344805197,0.1306605091432198
-0.7118424279736009,0.2479969710579648
0.6642683559154838,0.014935467521672408
-0.3210996149143879,0.6296502274930245
0.10500193481577824,0.04033978462150234
0.5540985713035123,0.7244059473163775
0.625971477432187,0.4362461524529888
-0.4068801755881386,0.4288483281424844
0.5851896264182694,0.254657870181356
-0.03363827337266301,0.6764608421636011
-0.451856821315618,0.614141807733406
-0.8715821258497318,0.16394280382879756
0.6293420094199784,0.22366204020644287
-0.5071959335217864,0.6382046353483994
0.1489462263598238,0.6836575535165441
-0.7649475064457902,0.29842060423212713
0.41812103890183283,0.7419382474921712
-0.8111140784881432,0.3660135468327137
-0.5924670817446218,0.04665926238948259
0.39427161178361847,0.2972779135376311
0.30458329718387933,0.6912087259798136
0.6883408979383943,0.6113403059001064
-0.11191250159559418,0.25246864284212767
0.294949428309206,0.7960610978999738
0.6550378442126061,0.5290555893094353
-0.5514130334299099,0.32609438360684484
-0.8214209509488541,0.3740385330064855
0.5768946865065974,0.3299698069519905
-0.4907186904724723,0.36300544444785854
-0.20765461678148922,0.39093441337972434
0.12459363175581961,0.9152505690107604
0.4260921012686374,0.33277082715641293
-0.21227118869168304,0.30246595408298416
0.5896226070832968,0.005274186210384224
0.09518475230747248,0.6345955399249874
-0.22366014758695618,0.28657643688470635
0.4837926539174302,0.6968507581810495
0.022684797721875594,0.0030325893743992083
0.3442710948117571,0.5232392306574352
0.7782558478800199,0.15761350902388105
-0.30823388609408653,0.24183103553495422
-0.5403465484047631,0.10532453555349641
-0.10938948999466902,0.029634707859380383
0.010910235820899894,0.9280348142354047
0.8296918021362001,-0.2752122017667338
0.1543997734691016,-0.9125218553821053
0.644206321200451,-0.23915998498487534
0.39484053449367984,-0.40530198525489847
0.5455428393301582,-0.5261333501867027
0.03489270351008256,-0.13914517935801962
-0.005502988215229099,-0.3982433803664607
-0.038986105484342115,-0.7901396431636503
-0.7733929905450716,-0.1927979952768175
0.6766574094222757,-0.06261368041005944
-0.34749216391770643,-0.4012332525893034
-0.36399305005627225,-0.7798961509446465
0.1979570163544211,-0.7701340058808663
0.03816357027243611,-0.041636244740538064
-0.5093017806373581,-0.2214087719160469
-0.543840456102135,-0.5759103201835467
-0.5006620945195397,-0.47350530696397763
-0.7791362731777947,-0.42162510740810033
0.6796045712712344,-0.23233409613391198
0.5018795967266365,-0.7972542048936817
-0.45811460336726917,-0.5954916389509302
-0.08335281082484913,-0.2975612253024382
0.592482901082737,-0.4561079211631025
-0.6310474937327213,-0.27552911669542324
0.09315428406458981,-0.1343679955810615
0.03260069660239062,-0.35408705411750807
-0.6535962601799696,-0.13229670152405393
-0.4964018821860945,-0.3086080129921611
0.5750981717175585,-0.4979972334753995
0.7087701867391583,-0.01544428710393042
-0.45053694896096097,-0.2108478488047072
-0.6083338317314599,-0.7183941022146478
-0.35843987005652833,-0.6269629792002915
0.33320095809323846,-0.6746005123828682
0.045020362171176886,-0.8907311599980554
0.5220158469907841,-0.25655186719531353
0.3479884162914608,-0.8748703155610968
-0.14954362912461217,-0.9248578192021852
-0.23896458026021095,-0.673929326136818
0.600141937398319,-0.5919287307422023
-0.2830685429114548,-0.7682618809497406
0.7168255036860236,-0.1420119452499633
-0.40120882325663754,-0.2825689491659731
0.09771733015471185,-0.4247345419126436
0.27280274036681407,-0.8977292371157986
-0.6621298738556709,-0.44281932193608275
-0.35264152719151265,-0.14912712276716644
0.8894640445828206,-0.06519697750026054
0.6494864746940152,-0.41523377917561377
0.30902242856227047,-0.45348094600358135
-0.8904767223559373,-0.32960551670819815
-0.8354553514458762,-0.08083188557275389
0.4651441944205006,-0.5701192428184865
-0.317867297899483,-0.7730529575188219
0.21550424450544514,-0.40939704485633444
0.39204123610758446,-0.6922081873202899
-0.5249117382513451,-0.25349641674131984
-0.20948136913768445,-0.6364422655652762
0.3573399133451296,-0.27616001832427006
-0.8847048356019502,-0.3151040423305733
0.13280928059379438,-0.04789919560180067
0.3873644515629773,-0.5584607744224792
0.31631964859514694,-0.8597837207174861
0.8529275959123697,-0.16074523438637933
