feature 1,feature 2
-0.3570085975042361,-0.047126027312416774
-0.35264152719151265,-0.14912712276716644
0.33039444139240026,0.04613084953823865
-0.012371919086142658,-0.22470238908870588
0.32760905524361017,-0.05073824850037223
0.1825508714898585,-0.20199459225973948
0.33560936645281303,0.1864431402147686
-0.3864468009557176,-0.29408299309528685
-0.3470773835120162,0.03542328676942286
-0.022204336415097226,-0.1964423986913515
-0.016768249766335286,-0.05305645843886864
0.10742297071602236,0.08340962482000802
-0.014763812014260802,-0.3424967794249836
0.19431061198060373,0.30826547405574733
0.1889526703723461,-0.00646628228166124
0.41479400006585543,-0.22153905661642304
-0.0814696056535722,-0.2844034693491164
-0.30823388609408653,0.24183103553495422
0.022550924401502304,-0.015349039997636149
-0.038826845346704,0.1848155693190352
0.3902891080951876,-0.19136246379141575
-0.08339871694268708,-0.030607425739906047
0.041915954544084366,0.24717137600551942
-0.19847387824934803,0.11928066261643577
-0.31618944378901936,0.05535493244338996
-0.24822342970846134,-0.21104744285992938
-0.25145840848775936,-0.25871570586621817
0.10760448142475254,-0.3889513786839529
0.10231992383274413,-0.12364277350331099
-0.22366014758695618,0.28657643688470635
-0.0666137582311832,-0.03573580216031624
-0.18074221020953596,-0.37756500987321284
0.09746757873317224,0.3837903953853865
0.004854574332752826,0.46297271940623164
-0.1262985947696409,0.45901645730479346
-0.3436144927813769,-0.13196126765224947
0.06484136455043421,-0.1778087947985869
0.3684660530243138,-0.1196950125207974
0.14789973213802088,-0.21420978221364195
0.39427161178361847,0.2972779135376311
-0.40120882325663754,-0.2825689491659731
-0.3508283401994594,-0.26707693025720425
-0.20398941409099436,-0.39416854233361476
0.34520423645025256,-0.1124995613908577
0.22683039187157972,-0.16351392741876225
0.45411352323078025,0.12414558880514215
-0.28437183177290226,0.29563489198105675
0.14608440123803135,-0.3495776074475774
0.21663900001554337,-0.4379004996662217
-0.44634440552989685,0.18470065718672446
-0.02300873468018927,-0.19622560021853985
-0.02546929179989843,-0.14002957175788056
0.24593316712696556,0.2631204401850411
0.2654237574972018,0.4077141832686624
0.10674237949954368,0.006264945103080066
-0.01436083093435081,-0.4001158604459547
-0.04880761635598341,-0.18450378999453543
-0.11911729937515192,-0.3953335012970125
-0.0754088779987856,-0.17646891683098298
0.176404533896781,-0.03805422022775251
-0.19425343473472578,-0.40941901190411345
-0.13454172796059072,-0.08460078968141205
0.11072710187526247,0.4384035565445277
-0.13610996271576847,-0.4175417196039162
-0.3356179337687908,0.38723611494759047
0.3538815659936747,0.6758167497036072
-0.7118424279736009,0.2479969710579648
0.3949429233385673,0.3602815435206008
-0.3723463835511689,-0.5169987440143331
-0.36399305005627225,-0.7798961509446465
-0.7629947528036969,-0.42223012218166867
-0.7214558546732255,0.588050378540592
0.2647826486567748,-0.6870465679927988
0.41812103890183283,0.7419382474921712
-0.5067927300439508,-0.03184586057959682
0.32382726527402306,0.5023542739080855
-0.4567336374512607,-0.6187803338511004
0.6335589330112721,-0.6367720644867947
0.45191135774047875,0.7942205199051542
-0.6406337822595161,-0.5249133501522447
0.14012234017872993,-0.8056470124584629
-0.6582248252198684,0.337286439848862
0.2372227564303686,0.5054332791152825
-0.6659161841981003,-0.6647615674233647
-0.7181515500504747,0.6043939615080793
-0.6863745893663886,0.6546042994744918
-0.07213724637533447,0.8184404117231203
-0.2686385034772574,-0.5492374639864683
0.8455143810267887,-0.025876162362128197
0.507736165419826,0.15578222538817665
0.5988317579379585,0.3893929417088535
0.8387839464288347,-0.006073034188339488
0.5272115883195216,-0.7197736484670949
-0.27081254360492,-0.5642148914900198
0.3227412221408288,-0.6296088642650641
0.07898258475067443,0.5814463296779271
0.5615231721368796,-0.08039915246135965
0.0706202629051833,-0.569596255965525
-0.35394530849181227,0.7958383739153316
0.6494864746940152,-0.41523377917561377
-0.2075159621946825,0.5164769514081826
-0.3649005994848231,0.6962184700312601
-0.8430883673657521,0.08899391820773017
-0.9036279752134075,-0.27989906819804333
0.8301801368140864,0.06605773449227992
-0.2644280244876942,-0.8838160958393004
0.8587519782551716,0.11352578602785957
0.5330300990651693,0.1674271754627279
-0.6729522548299545,-0.21783692669647858
-0.542249075033002,0.19370375377551885
0.5948520432138562,0.316903669316851
-0.5701747259272083,-0.15029831426382612
0.5027501720580914,0.31391031253427903
-0.598132622681887,0.07165536894616253
-0.38414011681761817,0.4093615254732934
0.4651441944205006,-0.5701192428184865
0.15455805846626247,0.7311542912491045
-0.4442944478205755,-0.4473617830682928
-0.05165234182534961,-0.804331678697997
-0.05543639167403658,0.7603134758429702
0.5351352570358365,-0.16699113619224204
-0.8395325086767156,0.04902277914050934
-0.720455246747421,0.5905346237197804
0.2682842765914737,-0.7474705168709945
-0.4707299461492853,0.32393788958773717
0.21581018558688925,0.5297665230842565
0.8941813342170382,-0.007482494235276915
-0.6363500655857988,-0.6331909802931324
