feature 1,feature 2
0.44688732470982395,0.07131319869515718
0.176404533896781,-0.03805422022775251
-0.3459336768735226,0.33518677112716944
0.4563775124072067,-0.009017367587603076
-0.08868649442857413,0.24026519560307347
-0.0814696056535722,-0.2844034693491164
0.3684660530243138,-0.1196950125207974
0.24932713770852755,-0.2361207206942082
0.18339432461265104,0.40526754617103267
0.15380776925271822,-0.0149646123622722
0.3963234280394903,0.07219273268824078
-0.014929238571421477,-0.11578593064055998
-0.14360077014877048,0.43519553131635247
0.21705454539293312,-0.30098725582636243
0.3573399133451296,-0.27616001832427006
0.15996757485626256,0.12296917591904744
-0.37128803784734665,0.01714138232940554
-0.2862280496577796,-0.29242168252712797
0.06484136455043421,-0.1778087947985869
0.004390020662485172,0.19077003464008757
-0.3765778478211781,0.040136042355621626
-0.42273889351948846,0.16247644284522456
-0.1262985947696409,0.45901645730479346
-0.28101769756048967,-0.4128163114710133
-0.3570085975042361,-0.047126027312416774
-0.4527191642784567,-0.02433136291197502
0.12679070142528026,0.24922809622906317
-0.0032644545210405163,-0.16214910099090418
-0.3855671659574582,0.09291708345624872
0.23260097185144812,0.11375688634419179
-0.07464042866078713,-0.39724425167171584
0.0629098283786107,-0.42410931464801505
0.20103372086730675,0.33007334909251096
0.11072710187526247,0.4384035565445277
0.41092166056697255,-0.1447973325933254
-0.11191250159559418,0.25246864284212767
0.25685291322917414,0.37726325861575116
0.2365095430605919,-0.2621727208604552
-0.10277873809091487,0.4441418764054741
-0.11911729937515192,-0.3953335012970125
0.1825508714898585,-0.20199459225973948
-0.05215755976779457,0.43279422391619793
-0.048907925026346666,0.08604916791532635
-0.03821970679398201,0.32486802340213616
0.37088776644380306,-0.33508768570257597
-0.33399617388360414,0.33897391039638025
-0.32194041790259864,-0.3015808507746782
0.3768047928554721,-0.13034532279250755
0.03489270351008256,-0.13914517935801962
-0.04024875939218231,0.25501092643674017
-0.45053694896096097,-0.2108478488047072
0.03260069660239062,-0.35408705411750807
-0.22119012204224942,0.08352192853512652
-0.22366014758695618,0.28657643688470635
-0.08965601653268718,0.33552118320630586
0.22196197770198345,-0.17794306038659058
-0.372249006555059,0.0760454107278059
0.32760905524361017,-0.05073824850037223
0.15257672033362635,0.2134300927657118
-0.08335281082484913,-0.2975612253024382
0.39231229027585046,-0.23440247112722434
0.39427161178361847,0.2972779135376311
0.0007188924311212208,0.3817679531016456
0.17172957690703838,0.2495677255788049
-0.2508942259597573,-0.6662795966024944
0.7851179969799555,0.07868448383130144
-0.16483844843014328,0.7582366151243294
-0.7061561528324585,-0.3147097069549569
-0.8396399718361931,-0.29045741632803157
-0.4284328889482596,-0.5935538178278255
-0.5625803993528335,-0.6343244402623658
0.37544408486112135,0.4454139153964569
0.14012234017872993,-0.8056470124584629
-0.9269006643038102,-0.055866109780001505
0.08707643468529214,-0.8365493085064435
-0.2644280244876942,-0.8838160958393004
-0.7160560204780122,-0.30411717683566675
0.6719602410244117,0.39194841218739596
0.5504881036698985,-0.5311487999769706
-0.7769755753574472,0.03172380542465625
-0.5057935319797071,-0.6809106397736233
0.47374748988836424,0.7255941550864571
-0.7223456547011797,0.2817494896064292
-0.38737300244357464,0.5779703198415866
-0.6377013009306394,0.3622357079299656
-0.47658863252818806,-0.5060424018560004
0.46546694957233026,0.21346344943487283
-0.4695952646365491,-0.5120207132418328
-0.3893786466065374,-0.5747112472578078
-0.5523647703547538,0.07394884578682714
-0.6493941152846807,0.3800097816413315
0.8332704716824146,-0.13802955897340752
-0.6503227454791749,0.005132152926884848
-0.5224075772369214,-0.0975213116380238
0.5665959659120954,-0.46814309873576243
-0.7267981926976548,0.30327952095455313
-0.44942357309627967,-0.6875868626267561
-0.4707299461492853,0.32393788958773717
0.600141937398319,-0.5919287307422023
0.2966360149041911,-0.8517891548502659
0.6289369651778716,-0.43629045045320014
-0.3599007979387765,0.791046456992401
-0.19358448773349557,0.6672880209503447
0.08281521469517039,-0.6917099136430258
-0.45701599491457734,0.8084865828151302
-0.7608115081233966,0.42648957444599
-0.05165234182534961,-0.804331678697997
0.7906921783063385,0.33292609505367143
-0.7118424279736009,0.2479969710579648
0.33617027314129233,-0.5900314091683581
-0.49906420241500205,0.24974819921399782
-0.3509763996493158,-0.4609762754154547
0.25318502218642047,0.8527652134601735
-0.6268659518973885,-0.4298096626123058
-0.250919762305275,0.9014286128198323
-0.7970569142679358,0.3270035382161116
-0.2026739444553738,-0.7072520156755018
-0.47377486017831427,-0.2797271850569618
0.2372227564303686,0.5054332791152825
-0.9161695665674849,-0.16163424819575734
0.8854635482702513,0.2992932979847369
-0.720455246747421,0.5905346237197804
-0.11960200408901889,-0.7050949465874321
0.27258270795849615,0.522243074086316
0.736545010816761,0.45433813953261604
0.5540985713035123,0.7244059473163775
-0.5251330632503874,0.02472755509158131
-0.464814646544057,0.6709604514843888
