feature 1,feature 2
-0.22366014758695618,0.28657643688470635
0.22683039187157972,-0.16351392741876225
0.15257672033362635,0.2134300927657118
-0.20481120407441145,-0.45156959530265994
0.061875356824187655,0.19026334981136306
-0.20398941409099436,-0.39416854233361476
-0.37128803784734665,0.01714138232940554
-0.038826845346704,0.1848155693190352
0.21705454539293312,-0.30098725582636243
-0.11911729937515192,-0.3953335012970125
-0.10657094548295931,0.0030359207003327615
-0.083137151737124,0.45001215259823746
0.23625648091579166,-0.283674563934319
-0.46264528123010784,0.08326842932173384
-0.39790784433137394,0.005262485260260963
-0.22119012204224942,0.08352192853512652
0.09315428406458981,-0.1343679955810615
0.22156014215153652,-0.4386335689680514
-0.367687790046499,0.014469617376784871
-0.0032644545210405163,-0.16214910099090418
0.21418807217756153,0.09339482542814004
-0.08175195342663821,-0.39342821830143415
-0.014929238571421477,-0.11578593064055998
-0.2983617813299688,-0.2748804068818109
-0.25905579441723603,-0.030954029617957346
0.21939485030523187,0.3992791392442434
-0.36610682441776143,-0.13080807828257646
0.4286532714699951,-0.07656771237376181
0.3768047928554721,-0.13034532279250755
0.16034473845466457,0.06720509345375691
0.41479400006585543,-0.22153905661642304
-0.1262985947696409,0.45901645730479346
0.2554161061428357,-0.33018877068582775
-0.36249499413586017,0.2517827528740182
-0.08965601653268718,0.33552118320630586
-0.0905202887322818,0.031192057158500486
0.37088776644380306,-0.33508768570257597
0.4747141547755993,-0.04796374126246694
-0.2911501024138903,0.011268306843917664
0.02770892841353545,0.017781111182111786
0.23917867491968137,-0.2890139791172852
0.4073719549215915,0.08139695328982066
-0.16245895021585377,-0.2337229435010051
0.34295829733441385,0.2645643072752797
0.4558786139475304,-0.0070776952894004985
0.019708019100915353,0.002551289251458755
-0.29882488238680605,0.17983537370926617
0.18127566798927552,0.3220285084946406
-0.2862280496577796,-0.29242168252712797
0.19216391047661197,-0.1323121542895116
0.12132018883234186,0.20697533319290962
-0.012371919086142658,-0.22470238908870588
0.3234373652879132,0.20489888393317557
-0.19847387824934803,0.11928066261643577
0.38789688893420005,0.08544888669519235
0.22292722245132168,0.3569999365852756
-0.04880761635598341,-0.18450378999453543
0.11072710187526247,0.4384035565445277
-0.05215755976779457,0.43279422391619793
-0.30813001490607417,-0.2579224740307946
-0.21551190980053536,-0.12505015595254187
0.2670594215217894,0.07154936814951696
0.4468402273771699,-0.008248529842458385
-0.22288379745930853,-0.1026127547549387
-0.3980728661063675,0.41634417729056317
-0.5361058077680492,-0.21818800818897066
0.8419890421931517,0.38919085450657076
-0.5924670817446218,0.04665926238948259
0.33320095809323846,-0.6746005123828682
0.5747740535046657,-0.09130915386468974
-0.6705872931354082,-0.3395698702570049
-0.07213724637533447,0.8184404117231203
0.25911539378347315,-0.8913359303541923
0.7801940703676167,-0.3082450785242852
-0.36399305005627225,-0.7798961509446465
-0.6294592892333526,-0.4427138737699272
0.8894640445828206,-0.06519697750026054
0.8416956956313737,0.23330062904147608
-0.34749216391770643,-0.4012332525893034
-0.5590275818596493,-0.627123475711491
0.22370578944475894,-0.7210122786959163
0.09286063215569462,0.9340705505122924
-0.7175529132537011,0.14175483367895247
0.5351352570358365,-0.16699113619224204
-0.8430883673657521,0.08899391820773017
0.6119850995503162,0.10045308431252353
0.41447726862679724,-0.6949219141714773
-0.8345263287636202,-0.03092400983997834
0.15455805846626247,0.7311542912491045
0.818909221874484,0.4442864709118117
-0.27081254360492,-0.5642148914900198
0.7369359517958256,-0.025137603500972716
0.4111717252876492,0.37681003698427373
-0.48707387796646806,-0.2893605030522246
0.11408102655007024,-0.537238727246304
-0.06002346368412681,0.7802822747920293
-0.5513628822929475,-0.5478418579788746
0.6648852816008435,-0.5753217786434477
0.5896226070832968,0.005274186210384224
0.6918428793554643,0.22720822847491684
0.5607522471419608,-0.08400848199285704
0.6341441418985598,-0.48419434591012034
0.6796045712712344,-0.23233409613391198
0.7340629922448971,0.15735081714478683
0.010910235820899894,0.9280348142354047
-0.4869398751115044,0.30834920294814894
-0.4442944478205755,-0.4473617830682928
-0.6966502405344976,-0.37655586440890354
0.49636782409769276,0.6133301060536329
-0.09891172937981296,-0.74168116969701
-0.846275849447673,0.0012485361408356432
0.28194415469066403,0.6449611272687219
0.26049443891231583,-0.5032327825135849
-0.71935096361297,0.34231494675937735
0.35508453491790637,-0.3762722841662336
-0.8611523145078133,0.03811958181654074
0.5272115883195216,-0.7197736484670949
-0.6535962601799696,-0.13229670152405393
-0.11960200408901889,-0.7050949465874321
0.6574750183038587,-0.28649334661282144
0.2721920928190844,0.8265738951524735
0.5017421355829947,0.5090857481693647
-0.7882513635737414,-0.2902046330268919
0.3054922157037494,-0.523634437906547
-0.43025419607615434,-0.38542007014742685
-0.47377486017831427,-0.2797271850569618
-0.7267981926976548,0.30327952095455313
-0.43992534089902113,0.7166833535982418
