feature 1,feature 2
-0.9095454221789239,-0.3493393384734713
-0.8016438008255682,-0.1970113682774235
-0.32944189984340855,-0.8659669244975801
0.901062105172407,0.20130213309671174
-0.08752698208891596,-0.2618939564781668
-0.43244818840255106,-0.2738354072027298
-0.07464042866078713,-0.39724425167171584
0.8008361143266609,0.2662029145465359
-0.48133020536581106,-0.6107523265902561
0.8654210162655227,0.08850793222739539
0.6436618931707185,0.31902153728154037
-0.5493661400975298,-0.498066677319404
0.02770892841353545,0.017781111182111786
0.05280532187222642,0.46317904351066375
-0.9079947159564945,-0.9185423953620597
0.2022300234864176,0.416145155592091
-0.09832125719173579,-0.7735239083184895
0.47374748988836424,0.7255941550864571
0.8804604828499152,0.1509483557517579
-0.887647845305122,-0.017808541233669706
0.6647270793219899,0.6112976107266839
0.9688043614071042,0.05138036460537165
0.306325581062566,0.8766096368969654
0.022684797721875594,0.0030325893743992083
-0.24748082893816847,-0.8329985666026625
-0.7759221956638953,-0.20428880190851673
0.3206054394026763,0.5287453244434719
-0.5340810504927325,-0.951198436886924
0.8301801368140864,0.06605773449227992
0.16484531641449296,0.4961463588590642
-0.8420616756183428,-0.5209796601809238
-0.2644280244876942,-0.8838160958393004
-0.5582944340739822,-0.9221400733486651
-0.4628756650927148,-0.7980437863644778
0.772391560930149,0.1860886683735683
-0.6084177304214071,-0.8612773982496691
-0.2549334524808984,-0.862572644552078
-0.7595855417588475,-0.46883433408278785
-0.5590275818596493,-0.627123475711491
0.19533656540540623,0.732191267223383
0.30458329718387933,0.6912087259798136
-0.32679144361215884,-0.7311706461220515
0.01482387743561775,0.7484450493703516
-0.46293248786478536,-0.4250766702054998
0.6550757911337486,0.4672287611228041
-0.6162653505625142,-0.3532568757689585
-0.4615135381012381,-0.2454316737907547
-0.5897207190359857,-0.6186245586726669
0.8781369589005832,0.2727485630667488
-0.32558684886849587,-0.7143160703713363
0.6475807684425894,0.9101210229699779
0.9517475098201076,0.6030742237659792
0.15996757485626256,0.12296917591904744
0.8493872365571256,0.754678706761962
0.522055805004056,0.08253315735222055
0.8892284389480465,0.36649605657929163
0.45191135774047875,0.7942205199051542
0.7547461438559109,0.4815372355084089
0.28780850708226136,0.06060426649831663
0.31522578460068673,0.13661720667094324
0.9579622303496178,0.20698619208675728
-0.506682768389187,-0.05807949513053301
-0.687962719115127,-0.6880109593275947
-0.6910805055533524,-0.9491044801884982
-0.8261594238251526,0.07421308363709556
-0.9184497168904722,0.18178588637648363
-0.10336188926115564,0.02086497800846443
0.2596413088694154,-0.19357873363235445
0.9680263264209286,-0.42318912436250855
0.40815953619844714,-0.5740716769821785
-0.8838327756636011,0.7323522915498704
-0.6493941152846807,0.3800097816413315
-0.46594345966115736,0.757259972710316
-0.038826845346704,0.1848155693190352
-0.3183929194939643,0.8615146512071294
-0.5994359642647482,0.23356721570508232
-0.85383687594597,0.2446865292344922
0.9056300340050121,-0.34651491593991834
-0.8836724089890484,0.9897326343395343
0.9110473919098694,-0.9635348346472767
0.03489270351008256,-0.13914517935801962
-0.6685036460695586,0.7817110699662935
-0.282339031752995,0.7544010816262166
0.13907955913420733,-0.48091643364781933
0.6452286370273568,-0.15252349270247434
0.045153198673490325,-0.4008686440922522
0.9755710404297746,-0.7271204948865337
-0.8356566650471453,0.9357200696900609
-0.9136801760988478,0.7822862273961422
0.2457809516380005,-0.829305070012464
0.16585211360852625,-0.4937969216407825
0.5596907903022872,-0.7860387223460832
-0.8632935993800828,0.5675196849682145
-0.7198319695269519,0.036659304727473474
-0.9794310081286159,0.43209994648428895
-0.8344026641497471,0.2063042189327764
0.5783424772146766,-0.003115602141885443
-0.464814646544057,0.6709604514843888
0.1825508714898585,-0.20199459225973948
0.7744254851526531,-0.05557014967610141
0.3849856533384506,-0.14013784521970374
0.5469462513732013,-0.7382526785633003
-0.8217511357679668,0.5105408409936159
0.41092166056697255,-0.1447973325933254
0.8833839733160611,-0.665285935526438
-0.6414934885214385,0.3878991810203136
0.541934359909122,-0.012408807271218514
-0.9329351305284412,0.13977936974263305
0.1822606065170329,-0.6277282044933041
0.6796045712712344,-0.23233409613391198
-0.8430883673657521,0.08899391820773017
-0.41556353907620447,0.8215403232878304
-0.5913672332020594,0.015610127917558225
0.9191532886420668,-0.024291912147275108
0.6866523355757663,-0.02981068004091969
0.4832829036720845,-0.014861858493404823
0.5220158469907841,-0.25655186719531353
-0.8564483875469739,0.3652344424468048
-0.8395325086767156,0.04902277914050934
0.059881173860465875,-0.6772652832232338
0.7079239339108443,-0.1217003667325034
-0.08965601653268718,0.33552118320630586
-0.7349506545163031,0.7240289645452451
0.5444895385933148,-0.6025686369316552
0.8941813342170382,-0.007482494235276915
-0.6926179143115909,0.14521446576404484
0.028190885102519436,-0.38306343702103196
-0.7118424279736009,0.2479969710579648
