feature 1,feature 2
0.23917867491968137,-0.2890139791172852
0.15424517207664157,-0.2857576813989944
-0.02546929179989843,-0.14002957175788056
0.5084965193641615,-0.21360959794415546
0.9614786871668588,-0.18483158285236612
0.3949429233385673,0.3602815435206008
-0.16844979295335616,-0.14211133313971147
0.11016989860457249,0.4661425920593496
0.3849856533384506,-0.14013784521970374
0.6766574094222757,-0.06261368041005944
-0.12157879750056533,0.2210935100308491
-0.4841167445696888,0.3199680920683581
-0.498213908617795,0.352052576105095
0.2680114061992227,0.07997075943171095
-0.20765461678148922,0.39093441337972434
-0.9801523577443287,-0.07180968109299224
-0.5994359642647482,0.23356721570508232
0.8935124893844815,-0.199575448300656
0.5135030113772701,0.03877171900787468
-0.6744180215875413,0.1904256682537495
0.21508970380287673,-0.6589517526254169
-0.5523647703547538,0.07394884578682714
0.2879990864780315,-0.1825316578038072
0.055402218172599715,0.9859295922386007
0.19216391047661197,-0.1323121542895116
0.5287067728728547,0.24748616972801818
-0.17761696401082805,-0.7398386603421061
0.4653981011805608,-0.19094522885226062
0.32760905524361017,-0.05073824850037223
-0.27081254360492,-0.5642148914900198
-0.08172848752347739,0.9600651505709541
-0.022306839486159635,0.3337285150922087
-0.02300873468018927,-0.19622560021853985
0.6051713591596257,0.14409728673860167
0.23625648091579166,-0.283674563934319
-0.08175195342663821,-0.39342821830143415
-0.6604841898249185,0.039547897112035324
0.2448272831319933,0.5626437114946101
-0.8966625566840778,0.009591196609056274
-0.28923086262852116,0.5675835689707944
0.24829781569826803,-0.18117669561751915
0.18631643807893639,-0.8933040060222046
0.7935768198120237,-0.052076719474255295
0.07991426056111917,0.6840665887528425
-0.5686496952045657,0.3177709404653144
0.7369359517958256,-0.025137603500972716
-0.2009624308261304,-0.34641058828444526
-0.780527602644993,0.09591897794738591
0.1155668347400498,0.4613010204784922
-0.18209411117146024,-0.6534113598583084
0.8587519782551716,0.11352578602785957
-0.36249499413586017,0.2517827528740182
-0.21508362754103993,0.5085299466940454
-0.542249075033002,0.19370375377551885
-0.2934971829958717,-0.40692883742468955
-0.12097662273417975,-0.7886706314765122
-0.8749474085143085,-0.08211896680635933
-0.7633276181532254,-0.1801902206074235
-0.7644978342197177,0.1530329510285071
0.045465658763988115,-0.14491796328290074
-0.8652987970624566,0.16434092035254655
-0.012371919086142658,-0.22470238908870588
-0.4538583800543752,0.03615753247763087
-0.5019825277818202,0.15340479771551263
0.7175285586989444,0.4967117073314795
0.7881886050665015,0.8929130263008109
-0.26037348802564675,-0.8952899596250552
0.8296918021362001,-0.2752122017667338
-0.8214209509488541,0.3740385330064855
0.9243450969490838,-0.2502588409525919
-0.8993009460612935,-0.8944694842807948
-0.6755331884350413,-0.9747849600484819
-0.8904767223559373,-0.32960551670819815
0.8789978831283782,0.7896547008552977
-0.8794652194208783,0.8688720536110286
0.7762363778680716,-0.34941876327650445
0.8854486381882245,0.5703790862968168
-0.32530890646181465,-0.9613447381647979
-0.9697786315710499,0.9300307389089437
-0.46990714334999195,-0.9581100779381744
-0.7488995704746932,-0.966104670220838
-0.5057935319797071,-0.6809106397736233
0.5249173714813811,0.7535312735234989
-0.38879156901957024,0.7533015236564011
0.6355706597138902,-0.5729772673786562
0.4629929280862781,0.6489430352090981
-0.3844083366385087,0.8275768877465186
-0.956353206449021,0.3275793723511782
0.6073441537982289,-0.6268598822279283
0.9212539510263995,-0.6061485910931432
-0.7629947528036969,-0.42223012218166867
-0.3723463835511689,-0.5169987440143331
0.7362845087550107,-0.6457004211052282
0.7947317315818638,0.2452610671973161
-0.9095454221789239,-0.3493393384734713
0.6089892848636447,0.5456191465806748
-0.6414934885214385,0.3878991810203136
-0.8011172144813097,-0.5136556180010918
0.3479884162914608,-0.8748703155610968
-0.963986888799091,0.9256207141480519
-0.948376186101026,-0.7296674216903545
-0.6684509196734485,0.8913962940005646
-0.3382039502947016,-0.8728832994279527
-0.5685186416470918,0.35562640062008843
-0.5391666757653002,-0.9970523558273772
-0.9862440755607014,-0.5751054456090541
-0.9456651575488804,-0.8695908174790159
0.572411304522116,0.4688878641511829
-0.6792691877605137,0.3472908349498154
0.6019614008067298,-0.7910909637996972
-0.8960868448914632,0.5725563987680662
0.5068558445139382,0.537845564215282
-0.541497209534717,0.44450513678613257
-0.92314730207535,0.803523984270847
-0.3210996149143879,0.6296502274930245
-0.6294592892333526,-0.4427138737699272
0.9255367005064121,-0.8487899187664985
0.4387072447383171,0.7805161060356043
-0.7185769439024832,-0.5959686631950201
-0.6650348354818605,-0.7908643193311995
-0.7718084302241333,-0.6975063425301309
0.4234456114920975,0.9622874635836438
-0.8844388780072667,0.39007045771710636
0.7881984073582688,-0.5400907882178276
-0.6532528094104904,0.7935308492528503
-0.7608115081233966,0.42648957444599
0.43690789464510016,0.7252809422983579
-0.8619848147743674,0.8815690410062158
