feature 1,feature 2
-0.20615344759680787,-0.7345684919138793
-0.38749275842677666,0.24779167258327695
0.7782558478800199,0.15761350902388105
0.46546694957233026,0.21346344943487283
-0.19518748140137654,0.7691737764592275
-0.653007899289956,-0.24049695416136507
-0.8261594238251526,0.07421308363709556
-0.27953216239914425,-0.45921342723094893
0.5542938318548736,0.1168084994716101
0.5388977881640942,-0.20426859396514563
0.6060517956653269,0.07832255335050897
-0.5006639822816281,-0.021150072713719048
-0.2907556847184469,-0.42552201669183654
0.7579578005645347,0.14354470409664444
-0.7458789746962304,0.04448652010960874
0.31522578460068673,0.13661720667094324
-0.4381309806252385,0.08539216631649693
-0.03821970679398201,0.32486802340213616
0.5636477266898712,0.2882984429518318
0.39231229027585046,-0.23440247112722434
0.1432253789397997,-0.44004181267943165
-0.09560194343312944,0.8677500350558098
0.7397927241242566,0.03767611425214423
0.26362705403333675,-0.4803928378716804
-0.25765515312474485,0.2021483336004659
-0.10938948999466902,0.029634707859380383
-0.5378504068238572,0.34378548719745683
-0.23221755725357718,0.08710572222797719
-0.06386189153141975,-0.0674011741203624
-0.9161695665674849,-0.16163424819575734
0.18339432461265104,0.40526754617103267
-0.1476373955280541,-0.09722595134064904
-0.09832125719173579,-0.7735239083184895
-0.18074221020953596,-0.37756500987321284
-0.22366858774600895,0.3482605910721259
0.17368223604175825,0.49087894836866
-0.21508362754103993,0.5085299466940454
0.9679552959196565,-0.18133198736991396
0.4454755044776093,0.31345896944321594
-0.07260319012003569,-0.29329554394789437
-0.4814064822684525,-0.14068637452212984
0.2409475701039412,0.48450637439817434
-0.5822345519896726,-0.2625856582704096
0.4558786139475304,-0.0070776952894004985
-0.07704507075053169,0.27440295361656086
-0.08868649442857413,0.24026519560307347
0.4260921012686374,0.33277082715641293
-0.3855671659574582,0.09291708345624872
0.20103372086730675,0.33007334909251096
-0.24042843964154037,0.7266672991436505
0.18826143070427026,-0.23821828673795697
0.059881173860465875,-0.6772652832232338
0.5674765021504729,0.13236138245014173
0.23917590979565917,0.30040218479630676
-0.11960200408901889,-0.7050949465874321
-0.6926179143115909,0.14521446576404484
-0.5251330632503874,0.02472755509158131
-0.7175529132537011,0.14175483367895247
0.16731222370174414,-0.8445307260700303
-0.015767413840923616,-0.4835112234020833
-0.0695887754325637,-0.8797153147984296
-0.8715821258497318,0.16394280382879756
-0.02075107589951042,0.28949049715363717
0.5235963827553944,-0.22691898635394425
0.6443597736328466,0.7006960022397908
0.8378530672791089,-0.49551795965327683
0.9966950227858993,0.8662266626871153
-0.3327432083262687,0.58311640518274
0.9312640661491187,0.6167946962329223
-0.3259936471374274,0.6577667317652189
0.7547461438559109,0.4815372355084089
0.6493619318502983,-0.3043815841956139
-0.7662039185832719,0.8796642472269502
0.47576996966921237,0.40910885605489056
0.6069654865937693,0.8584561072637078
-0.456100547742738,0.5187965248359274
0.6450695887683935,0.6079170151050406
-0.9872282565663328,-0.42592373365017444
0.8493872365571256,0.754678706761962
0.7906921783063385,0.33292609505367143
0.7099480391229487,0.7651197535446945
0.5778649435520145,0.7837442896214695
-0.5625803993528335,-0.6343244402623658
0.9732602459176938,0.9302373928720911
-0.7677220795989488,0.9118376579106384
-0.720455246747421,0.5905346237197804
0.4914675654624643,-0.5950388796695252
-0.42857582743627853,0.7371982563789206
-0.8847048356019502,-0.3151040423305733
-0.5685186416470918,0.35562640062008843
-0.40728477297342325,0.8766314573026321
-0.8838327756636011,0.7323522915498704
0.60887441535901,-0.44248025517089395
-0.8111140784881432,0.3660135468327137
0.7762363778680716,-0.34941876327650445
-0.4695952646365491,-0.5120207132418328
-0.49065875590789765,0.6817431588518452
-0.5355746097063654,0.7991491465491369
-0.85383687594597,0.2446865292344922
-0.35394530849181227,0.7958383739153316
-0.7140166358943283,0.5230212634349445
-0.5886254756088898,-0.7572271636811871
-0.9862440755607014,-0.5751054456090541
0.7410539325387684,0.2628378424367528
0.9673578505268272,-0.5216397915681488
-0.9368277103487159,0.8724244924873796
0.9495863242935663,0.30065137269387376
-0.6414934885214385,0.3878991810203136
-0.738579246519601,0.7732084304809335
0.7619460112793148,0.7658296330374443
-0.7314502981954489,0.9158682421135409
-0.5445005277935808,0.9280576943310275
0.7259936627177441,0.7721868706264163
0.4326467761253645,-0.8558313280026533
0.4243584426950717,-0.5255018250063999
-0.5430905173374025,0.9926678321134839
-0.7839484917386172,-0.3222787013224968
0.4616419299614596,0.9625941809944933
0.8789978831283782,0.7896547008552977
0.8892284389480465,0.36649605657929163
0.780819034438657,0.4999555969041416
-0.9706132226900923,-0.24181190265612762
-0.3461367673238418,-0.7022238993351106
-0.945808014993033,-0.5560556761341011
0.5918527742870048,-0.6497537197392935
-0.9266335942188042,-0.4951261113119585
-0.9168542818992158,-0.7033135980758223
-0.6162653505625142,-0.3532568757689585
