feature 1,feature 2
0.24593316712696556,0.2631204401850411
-0.2815332612004686,0.18590170286985486
-0.3508283401994594,-0.26707693025720425
0.3560323051181271,0.13146392799158213
0.17670444196630664,-0.20463117113389062
0.41479400006585543,-0.22153905661642304
0.18826143070427026,-0.23821828673795697
-0.3951609774429272,0.12681672896770824
0.27188065365342173,0.19860423227887547
0.41249232511052436,0.2453790818995949
0.1155668347400498,0.4613010204784922
-0.22366858774600895,0.3482605910721259
0.013840875923669227,-0.18117585636596334
-0.08349421901696674,0.09123357863186987
-0.20691443535745968,0.24417340045574698
0.0781891054720174,-0.4350551472599926
0.1774630442626397,-0.24934018416079629
0.1340325219733356,0.476898418502653
0.022550924401502304,-0.015349039997636149
-0.15173865739522796,0.47288847124944566
0.4656030895325012,0.08447441098369657
-0.0754088779987856,-0.17646891683098298
0.33039444139240026,0.04613084953823865
-0.18074221020953596,-0.37756500987321284
-0.016768249766335286,-0.05305645843886864
0.2596413088694154,-0.19357873363235445
-0.23134670568063664,0.3592945653861397
0.2916447725729685,0.2738046349094865
-0.08752698208891596,-0.2618939564781668
-0.10938948999466902,0.029634707859380383
-0.38749275842677666,0.24779167258327695
0.24681191631888022,0.13875472236456554
0.3134733290825844,-0.34961987155061025
0.41325973975741914,0.22001483415897138
0.2554161061428357,-0.33018877068582775
0.22683039187157972,-0.16351392741876225
0.19216391047661197,-0.1323121542895116
-0.22366014758695618,0.28657643688470635
-0.13454172796059072,-0.08460078968141205
0.10742297071602236,0.08340962482000802
0.24014551185702704,0.06692218395264304
0.32704718782690456,-0.17760502223490837
-0.3459336768735226,0.33518677112716944
-0.23960876242828588,-0.20235443820619903
-0.4269174957434312,0.1816665211380215
0.011777357768931962,0.22290847086929566
0.0659155731026706,-0.3513324937692488
0.2022300234864176,0.416145155592091
-0.35264152719151265,-0.14912712276716644
-0.21694860364434132,-0.1747563183027525
-0.4157107029295637,-0.2672763134126166
-0.1605453661477554,0.2770518953281711
0.02335488423133225,0.06422697053063131
-0.17365496558456095,0.3516458502081472
0.2879990864780315,-0.1825316578038072
0.21663900001554337,-0.4379004996662217
-0.2983617813299688,-0.2748804068818109
0.2068971867627558,0.3364255971100325
0.2670594215217894,0.07154936814951696
-0.04880761635598341,-0.18450378999453543
-0.36610682441776143,-0.13080807828257646
-0.2633055724112974,-0.1353075471933054
-0.1863903980965529,-0.3435337886433212
-0.4527191642784567,-0.02433136291197502
0.5235963827553944,-0.22691898635394425
0.41371468769523423,0.4580143360819746
0.35508453491790637,-0.3762722841662336
0.6647270793219899,0.6112976107266839
0.1489462263598238,0.6836575535165441
-0.45811460336726917,-0.5954916389509302
0.323555464943277,-0.8463939033711569
-0.41707817301241223,-0.5849181275885931
-0.40541841938533274,-0.8158660278350491
0.5343765778622538,-0.19613817278151569
0.06523453291004633,-0.5150589927305407
0.12459363175581961,0.9152505690107604
-0.0721350266233276,0.9440106592630741
-0.5760118906026839,0.31470696434025713
-0.7214558546732255,0.588050378540592
0.5015392984221114,-0.7490274064016986
-0.5093017806373581,-0.2214087719160469
-0.3259936471374274,0.6577667317652189
0.38506486307421595,-0.7311297411837563
0.11356982185637587,0.6902417029920696
-0.42857582743627853,0.7371982563789206
0.26362705403333675,-0.4803928378716804
-0.46229297123561297,-0.2631021601668422
-0.20477524289425886,-0.47144747368272144
0.5288814561510087,-0.18065789324801473
0.572411304522116,0.4688878641511829
0.5455428393301582,-0.5261333501867027
0.09518475230747248,0.6345955399249874
-0.38414011681761817,0.4093615254732934
-0.0992980421891747,0.49765267392661294
0.41115034503137693,0.8504966348313316
0.6550126397464424,0.39441876381927354
0.275376493791871,-0.5159558400382456
-0.05165234182534961,-0.804331678697997
-0.7649475064457902,0.29842060423212713
-0.7514055530289105,0.4617349504072885
-0.587332563188415,-0.2714602779038491
0.1346244392578071,-0.4868744325972725
-0.7733929905450716,-0.1927979952768175
-0.6739617723702276,-0.5323743338138718
-0.3844083366385087,0.8275768877465186
0.8894640445828206,-0.06519697750026054
-0.20615344759680787,-0.7345684919138793
-0.6096669655626992,-0.021214925186822553
0.6508313282478961,0.689742695510458
-0.34920060368146455,0.4929828102360483
-0.7602178130545758,0.4698516947897884
-0.8381614338974956,-0.1940396424696771
0.14349196628749739,0.6656607535765422
0.4651441944205006,-0.5701192428184865
-0.7102102558175538,-0.02109447944487397
-0.1624133618516772,-0.4796844180758977
-0.7458789746962304,0.04448652010960874
0.05930115671201297,-0.5162954181990966
0.2846510518104548,-0.8702928110340633
0.8642365649672248,0.13026636717841789
-0.3382039502947016,-0.8728832994279527
-0.5247249120152007,0.45643269722371915
-0.23896458026021095,-0.673929326136818
-0.13533039791479617,0.8872318403351978
-0.812446947485967,-0.02773902957015184
0.5005315278776845,-0.6959028651510164
-0.03363827337266301,0.6764608421636011
-0.16561316287084704,-0.6795487980469874
