feature 1,feature 2
0.10381367754897108,0.12187594307077254
0.21508970380287673,-0.6589517526254169
-0.3855671659574582,0.09291708345624872
0.24593316712696556,0.2631204401850411
0.0068345417097137595,0.3807896572587306
-0.20299053120525312,0.23170019610443293
-0.3202500724638677,0.4495335430575229
-0.372249006555059,0.0760454107278059
0.3542412794700187,0.2115584989053807
-0.04024875939218231,0.25501092643674017
-0.26085160114645367,-0.07152296052155016
0.1732169263509482,-0.6639715845102732
-0.10052031509892001,0.5534211139103624
-0.12157879750056533,0.2210935100308491
-0.2880546426974768,0.5156922209287382
0.5591689471335066,-0.2997494816665398
-0.05501328998697286,-0.9087025089952325
0.22370578944475894,-0.7210122786959163
-0.1545427262121355,-0.30695166409456354
-0.11693899725324597,0.7754083655165995
-0.25055605898524713,0.09973712555241043
-0.7644978342197177,0.1530329510285071
0.15257672033362635,0.2134300927657118
0.25879727627052507,0.39149737796923434
0.6119850995503162,0.10045308431252353
-0.4068801755881386,0.4288483281424844
0.3054922157037494,-0.523634437906547
-0.14954362912461217,-0.9248578192021852
-0.5989505465993266,-0.016810906517126245
0.1346244392578071,-0.4868744325972725
0.10500193481577824,0.04033978462150234
-0.20398941409099436,-0.39416854233361476
0.763855516609288,-0.1450206241587697
0.1979570163544211,-0.7701340058808663
-0.5597773481904937,-0.2989589314276764
0.8387839464288347,-0.006073034188339488
-0.13610996271576847,-0.4175417196039162
0.08181000767616164,0.3928596140722145
-0.8692676848712295,-0.024857612653231387
0.06523453291004633,-0.5150589927305407
-0.8860425460052634,-0.16278545016334012
0.061875356824187655,0.19026334981136306
-0.22366014758695618,0.28657643688470635
0.24014551185702704,0.06692218395264304
0.32382726527402306,0.5023542739080855
0.238980692019229,-0.0730119123988553
0.39484053449367984,-0.40530198525489847
0.16638160855419515,0.18568036101622032
-0.12600822866875827,0.18712187075757192
-0.6503227454791749,0.005132152926884848
-0.07928345759614741,0.72912721904534
0.9342532305183409,-0.1644780414498006
0.4653981011805608,-0.19094522885226062
-0.30813001490607417,-0.2579224740307946
-0.05165234182534961,-0.804331678697997
0.15380776925271822,-0.0149646123622722
0.2068971867627558,0.3364255971100325
-0.21501288718663036,-0.040122330565752984
-0.18979461094486716,0.8122220042649941
-0.3509763996493158,-0.4609762754154547
-0.4814064822684525,-0.14068637452212984
-0.43025419607615434,-0.38542007014742685
0.644206321200451,-0.23915998498487534
-0.8848824799667114,0.09905776464747107
0.33617027314129233,-0.5900314091683581
0.5146204142688777,-0.6766571275260762
-0.6529509700269827,0.3899021778049234
-0.6406337822595161,-0.5249133501522447
-0.3461367673238418,-0.7022238993351106
0.9223811276478284,0.8107012839121275
-0.4107612073076137,-0.97136944466588
0.3140609964682146,0.7967729331680697
-0.948376186101026,-0.7296674216903545
-0.7330400551681124,-0.8387969724857507
-0.5057935319797071,-0.6809106397736233
-0.6414887761844199,0.6000069635273628
0.8829296175530503,-0.2277947243984515
0.3421863141719521,0.6108600860919582
-0.44523763403773464,-0.6237576805524774
-0.7636703447566875,0.3934743307283013
0.3757714446016267,-0.8643258817896562
0.9430653818021013,-0.3373059857938985
-0.8727181814267153,0.6627470287714197
-0.5972724357280512,-0.48275833022392245
0.8834514232378501,0.3371452934458281
-0.3844083366385087,0.8275768877465186
-0.8111140784881432,0.3660135468327137
-0.6377013009306394,0.3622357079299656
-0.36399305005627225,-0.7798961509446465
-0.5456408859529702,0.6740822504858801
-0.8686102820912684,-0.5435292730126018
-0.8836724089890484,0.9897326343395343
0.6217571620158369,0.671651855821032
0.6019614008067298,-0.7910909637996972
0.9460211095048912,-0.2138045506664792
-0.2967546255207312,-0.797158343101567
0.33511547704205435,-0.6553602575967403
-0.956353206449021,0.3275793723511782
-0.8619848147743674,0.8815690410062158
-0.5424036690167551,-0.846040180342414
0.6298794570810784,0.5560504862893063
-0.9862440755607014,-0.5751054456090541
0.41864165694521915,-0.6653573919978792
-0.5771039860069107,-0.3450052956441707
0.693937708414121,0.7861804103908299
0.9028596207236645,0.9896385879319021
-0.43992534089902113,0.7166833535982418
0.7240853019786269,0.6890987970701408
-0.7349506545163031,0.7240289645452451
-0.6871259146578279,-0.49951420367080934
0.5697939542229351,0.4153618694818315
-0.5370495724694038,0.7368190478938681
0.5015392984221114,-0.7490274064016986
-0.7442663975551649,0.5310935010317217
0.9849670043167504,0.8540019358485906
-0.7629947528036969,-0.42223012218166867
-0.464814646544057,0.6709604514843888
-0.22159664253167377,-0.9783246970394033
-0.9166541987952315,-0.8304159679083936
-0.8420616756183428,-0.5209796601809238
0.743687055490464,-0.9415054339308817
-0.9371416286265315,0.2728208225275608
-0.9380884181613129,-0.22402648010626103
0.7362845087550107,-0.6457004211052282
-0.30235893206104136,-0.7780038024173703
0.9623850583282316,0.5862857479934789
0.694121653967799,-0.9528100707089417
-0.42857582743627853,0.7371982563789206
