feature 1,feature 2
-0.6926179143115909,0.14521446576404484
-0.33399617388360414,0.33897391039638025
-0.38707306391435936,0.6447624223707087
0.4073719549215915,0.08139695328982066
-0.7608115081233966,0.42648957444599
-0.2509035132408375,0.595464526696428
0.6072070708830704,0.01041354715327647
0.6282513711823237,0.3702686197489682
-0.07598839271173463,0.8945666792236306
-0.8649949066323561,0.03740198876119005
0.23025828108239965,0.8212114344288435
-0.6674332624878412,0.4760672328527409
0.541843689288104,0.6895664562337753
-0.21510978515472923,0.6331988789431542
0.3538815659936747,0.6758167497036072
-0.38749275842677666,0.24779167258327695
-0.3259936471374274,0.6577667317652189
-0.5479420043680006,0.28095208435168795
0.625971477432187,0.4362461524529888
0.01482387743561775,0.7484450493703516
-0.15728599544585964,0.475164603177783
0.03844914156041024,0.21550536619130511
-0.42818642152167974,0.6318938779372345
-0.02075107589951042,0.28949049715363717
0.2670594215217894,0.07154936814951696
0.39427161178361847,0.2972779135376311
-0.07928345759614741,0.72912721904534
0.5215700972337949,0.12255439513899247
0.8008361143266609,0.2662029145465359
0.510274511347238,0.24061910270692932
-0.6744180215875413,0.1904256682537495
-0.2815825060346193,0.6471044532236381
0.39403148199053595,0.40496816797421853
0.5542938318548736,0.1168084994716101
-0.5962930957541033,0.3468648666498346
-0.6371233046087461,0.05032676733412034
0.1489462263598238,0.6836575535165441
0.45411352323078025,0.12414558880514215
0.33039444139240026,0.04613084953823865
0.2070576130022419,0.31901196330265424
-0.7214558546732255,0.588050378540592
0.21581018558688925,0.5297665230842565
-0.8588625051991403,0.2848385564126312
0.6060517956653269,0.07832255335050897
0.6344444004024317,0.11040162319892466
-0.09124533088007825,0.6887141654792319
-0.08965601653268718,0.33552118320630586
-0.6604841898249185,0.039547897112035324
0.0933913641442603,0.8048260665722069
0.5079238071935679,0.6098135536828773
0.09286063215569462,0.9340705505122924
-0.22434782016613752,0.6070753189252067
0.41115034503137693,0.8504966348313316
-0.2470732662439008,0.6211066615636658
-0.846275849447673,0.0012485361408356432
0.23260097185144812,0.11375688634419179
0.4871878323531196,0.012532118990405516
0.2448272831319933,0.5626437114946101
-0.20765461678148922,0.39093441337972434
0.8587519782551716,0.11352578602785957
-0.3120846268846289,0.4660002144452464
-0.8317863877700051,0.40193826291824
-0.02466586275747118,0.30444851909094495
-0.6549522461072759,0.13594859463216102
0.8387839464288347,-0.006073034188339488
-0.0836262265242147,-0.03406225582928957
-0.45838734392605485,-0.5048804594402272
0.3765484715604741,-0.7188940648432784
-0.07464042866078713,-0.39724425167171584
0.4479461109321876,-0.7588831671926195
0.6139309817679872,-0.08067025919467752
0.025335451912832818,-0.4130223535837567
0.3180908202644648,-0.577536337054138
0.1346244392578071,-0.4868744325972725
-0.39160256072743826,-0.39211497548994534
-0.6535962601799696,-0.13229670152405393
-0.6363500655857988,-0.6331909802931324
-0.2179342617452027,-0.5315932581473317
-0.5408036784920627,-0.76489739969956
-0.4964018821860945,-0.3086080129921611
-0.11911729937515192,-0.3953335012970125
-0.2633055724112974,-0.1353075471933054
0.6866523355757663,-0.02981068004091969
0.2268227784214154,-0.6659321078158495
-0.2644280244876942,-0.8838160958393004
-0.4527191642784567,-0.02433136291197502
-0.8447013306567899,-0.18491393793513833
0.5084965193641615,-0.21360959794415546
0.4286532714699951,-0.07656771237376181
0.41809252344486536,-0.7862461538105123
-0.1863903980965529,-0.3435337886433212
-0.15634364292233727,-0.17795784946890847
-0.42049709417246395,-0.6775574254919912
-0.8847048356019502,-0.3151040423305733
0.16678358953224093,-0.19829716647272022
0.2682842765914737,-0.7474705168709945
-0.8242670017103333,-0.2987461375816385
-0.40541841938533274,-0.8158660278350491
-0.7602692653326344,-0.3247696571927441
-0.3864468009557176,-0.29408299309528685
0.7079239339108443,-0.1217003667325034
-0.5067927300439508,-0.03184586057959682
-0.6162653505625142,-0.3532568757689585
0.3902891080951876,-0.19136246379141575
0.8083173889874968,-0.3034890659533993
-0.7948640748328204,-0.21453851345716757
0.513460334137136,-0.11541238909772944
0.5455428393301582,-0.5261333501867027
0.35487614245658894,-0.1430841923024091
-0.0666137582311832,-0.03573580216031624
0.7850465799096922,-0.11323997124162455
-0.4442944478205755,-0.4473617830682928
0.6355706597138902,-0.5729772673786562
0.4563775124072067,-0.009017367587603076
0.7800106836351326,-0.3240096862969284
-0.6854535836405693,-0.3804242815818015
0.22045029895528256,-0.7292918354446289
-0.812650464343815,-0.26456839388113296
0.09771733015471185,-0.4247345419126436
0.7435671331844034,-0.5615720252839114
-0.2983617813299688,-0.2748804068818109
-0.36745970054138644,-0.7962152238679729
-0.33300165661771164,-0.20366261281811338
-0.27081254360492,-0.5642148914900198
-0.16079987514442018,-0.5045380209976851
0.4832829036720845,-0.014861858493404823
-0.5771039860069107,-0.3450052956441707
0.22196197770198345,-0.17794306038659058
