feature 1,feature 2
0.3547862597777456,0.1315631096819927
-0.3183929194939643,0.8615146512071294
-0.4869398751115044,0.30834920294814894
-0.7608115081233966,0.42648957444599
0.030011319419446236,0.07110762975934515
-0.4707299461492853,0.32393788958773717
0.4374792357070605,0.4648020981167582
-0.24042843964154037,0.7266672991436505
-0.8649949066323561,0.03740198876119005
-0.7365424530908762,0.451959819970591
0.31048396127804345,0.10171474121827861
0.7547461438559109,0.4815372355084089
0.5330300990651693,0.1674271754627279
-0.3470773835120162,0.03542328676942286
-0.0514899580460928,0.12135658987789988
-0.5947347317293137,0.17517174221880372
-0.07598839271173463,0.8945666792236306
-0.5924670817446218,0.04665926238948259
0.20588575295892309,0.6534147194829749
0.5135030113772701,0.03877171900787468
-0.7703263505215929,0.2212400848832652
-0.6122738641262147,0.7176335423363094
0.9269984817751766,0.038064560259097435
0.35364259771479123,0.6569385988982341
-0.36179905351348873,0.6578309483013547
0.4400730730921487,0.2822952657705946
-0.3356179337687908,0.38723611494759047
0.6839971057801231,0.4569813543232264
0.3538815659936747,0.6758167497036072
0.5215700972337949,0.12255439513899247
-0.25498213689306826,0.8572611242307882
0.6060517956653269,0.07832255335050897
0.5772299293448129,0.03453811288321873
-0.3327432083262687,0.58311640518274
0.155186731762315,0.2691648351006075
-0.6414934885214385,0.3878991810203136
-0.216281253623948,0.7913495552375573
0.41325973975741914,0.22001483415897138
-0.1262985947696409,0.45901645730479346
-0.2470732662439008,0.6211066615636658
-0.46934772488906606,0.20310775859964814
-0.2911501024138903,0.011268306843917664
-0.8666959188786201,0.03681604389040816
0.9267888684271008,0.12033636692368388
0.3933016477537845,0.8449987623545914
-0.20432674899568615,0.8390620493120995
-0.5469567479277886,0.22794061265046528
0.10674237949954368,0.006264945103080066
-0.8214209509488541,0.3740385330064855
0.4097420200867634,0.6342562840311703
0.06677325753072516,0.7399383192953699
0.5890310889814974,0.4141729545333963
0.25318502218642047,0.8527652134601735
0.14349196628749739,0.6656607535765422
-0.3951609774429272,0.12681672896770824
0.6571111958121627,0.5785856966393712
0.1340325219733356,0.476898418502653
0.2363114686362382,0.4049299410882079
-0.8564483875469739,0.3652344424468048
0.037581243486732197,0.4060379177903557
0.21418807217756153,0.09339482542814004
0.040615401807586604,0.5446367834712786
0.09746757873317224,0.3837903953853865
-0.33151221836607836,0.5418244074916438
-0.4801900415143343,-0.309615583011579
-0.5441296749161166,-0.14578442274748737
-0.6294592892333526,-0.4427138737699272
-0.5989505465993266,-0.016810906517126245
0.16093520198739197,-0.721606597308609
0.7087701867391583,-0.01544428710393042
-0.46229297123561297,-0.2631021601668422
0.2457809516380005,-0.829305070012464
0.1565967988407213,-0.7060745808235807
0.024186116598561958,-0.5470084496041241
-0.3780353565686756,-0.3496333559465059
0.2365095430605919,-0.2621727208604552
-0.30813001490607417,-0.2579224740307946
-0.1863903980965529,-0.3435337886433212
0.785116454972949,-0.16110401208537284
-0.6535962601799696,-0.13229670152405393
-0.5972724357280512,-0.48275833022392245
-0.41707817301241223,-0.5849181275885931
-0.16466600836601053,-0.7672830296710083
0.4491965736952579,-0.776814000085505
-0.1624133618516772,-0.4796844180758977
-0.035917883775834936,-0.6078045745232141
0.24829781569826803,-0.18117669561751915
0.8349716862639804,-0.4189909886571592
-0.25145840848775936,-0.25871570586621817
0.3573399133451296,-0.27616001832427006
-0.23960876242828588,-0.20235443820619903
0.47500249621949675,-0.09556411822038569
-0.8242670017103333,-0.2987461375816385
0.1432253789397997,-0.44004181267943165
0.3033336507517701,-0.2629473125524777
0.4653981011805608,-0.19094522885226062
0.651421903121334,-0.4285848646782193
-0.587332563188415,-0.2714602779038491
0.2112757786468229,-0.7655921886395332
0.4286532714699951,-0.07656771237376181
-0.38038624935506204,-0.5000861072047575
-0.7839484917386172,-0.3222787013224968
-0.4615135381012381,-0.2454316737907547
0.6289369651778716,-0.43629045045320014
0.059881173860465875,-0.6772652832232338
0.5615231721368796,-0.08039915246135965
0.7800106836351326,-0.3240096862969284
-0.5080845432309837,-0.6786372534808887
0.23625648091579166,-0.283674563934319
-0.7791362731777947,-0.42162510740810033
-0.6871259146578279,-0.49951420367080934
-0.20477524289425886,-0.47144747368272144
-0.17036099532466964,-0.45318585613858753
0.801403728022517,-0.15655814625308917
-0.36745970054138644,-0.7962152238679729
-0.012371919086142658,-0.22470238908870588
0.5607310060137634,-0.04732853339780241
0.4563775124072067,-0.009017367587603076
-0.04880761635598341,-0.18450378999453543
-0.3436144927813769,-0.13196126765224947
-0.2967546255207312,-0.797158343101567
-0.48463422297757264,-0.07475408652136739
-0.4157107029295637,-0.2672763134126166
0.14789973213802088,-0.21420978221364195
0.09329644037557694,-0.2391989020591807
-0.016768249766335286,-0.05305645843886864
0.5504881036698985,-0.5311487999769706
-0.0814696056535722,-0.2844034693491164
