feature 1,feature 2
-0.14954362912461217,-0.9248578192021852
0.7240853019786269,0.6890987970701408
0.4234456114920975,0.9622874635836438
0.4629929280862781,0.6489430352090981
0.7601581751229165,0.30175473809438835
0.9882787224423351,0.32367837969875723
0.6763099499772851,0.605621869649001
-0.30983250897353254,-0.9397922555773621
0.001207142309415099,0.3592406654702156
-0.09832125719173579,-0.7735239083184895
-0.5893341225864004,-0.03392060488222004
-0.8860425460052634,-0.16278545016334012
-0.6910805055533524,-0.9491044801884982
0.04291927744294388,0.9546158159830074
0.19808917430076312,0.2472975565805322
-0.1089167225162182,-0.5816290691841444
-0.6799501270736119,-0.9532958073436282
-0.04880761635598341,-0.18450378999453543
0.47374748988836424,0.7255941550864571
-0.5967453599045109,-0.672688114268591
0.7247274174934903,0.8990412473152842
0.2011886667212346,0.031358855392995544
0.3949429233385673,0.3602815435206008
-0.46879991482258787,-0.7409701574343917
-0.6406337822595161,-0.5249133501522447
0.8152220051131098,0.4280652889337129
0.901062105172407,0.20130213309671174
-0.9912734606993818,-0.6660938225056026
-0.30813001490607417,-0.2579224740307946
0.9097305613263882,0.475793833391537
0.9391692555291171,0.5502656467222291
0.3135121269491141,0.9370746633997844
-0.2830685429114548,-0.7682618809497406
0.24593316712696556,0.2631204401850411
0.1707087287935043,0.7365425610265173
0.28194415469066403,0.6449611272687219
0.38789688893420005,0.08544888669519235
0.6293420094199784,0.22366204020644287
0.34295829733441385,0.2645643072752797
-0.4038955827211137,-0.789270155498287
-0.6854535836405693,-0.3804242815818015
-0.679856730090854,-0.07688505116042021
0.9386050712381979,0.046195688340297636
-0.812650464343815,-0.26456839388113296
0.4656030895325012,0.08447441098369657
-0.9036279752134075,-0.27989906819804333
0.736545010816761,0.45433813953261604
0.0933913641442603,0.8048260665722069
0.16139816910856997,0.01101752077972784
-0.09891172937981296,-0.74168116969701
0.4400730730921487,0.2822952657705946
0.10742297071602236,0.08340962482000802
-0.24822342970846134,-0.21104744285992938
0.1611767005560869,0.26452857583906075
-0.6162653505625142,-0.3532568757689585
-0.4801900415143343,-0.309615583011579
0.8781353970257924,0.5975664715473308
0.6089892848636447,0.5456191465806748
0.5890310889814974,0.4141729545333963
-0.19425343473472578,-0.40941901190411345
0.41812103890183283,0.7419382474921712
-0.8482733437826722,-0.7422405561787015
0.8781369589005832,0.2727485630667488
0.3899637722530851,0.7202447943784092
-0.3210996149143879,0.6296502274930245
-0.8652987970624566,0.16434092035254655
0.6783607899605972,-0.6786408305763096
0.931494419639495,-0.2096894050553899
0.8125091610420734,-0.5009076003009878
0.4563775124072067,-0.009017367587603076
0.6057068971960229,-0.9907359539907943
0.9977852240665812,-0.3467215011481781
-0.6532528094104904,0.7935308492528503
0.33320095809323846,-0.6746005123828682
-0.8843146468732073,0.9382052602816227
-0.45274666743666825,0.9942490003154223
0.4468402273771699,-0.008248529842458385
0.27280274036681407,-0.8977292371157986
-0.6371233046087461,0.05032676733412034
0.518010565043862,-0.7949680718670511
-0.6492574427531008,0.8288238918499196
-0.44952163792598343,0.41887772926794953
0.4854130423999621,-0.1490133311038493
0.11541765250008784,-0.3054459219389849
-0.6038047344805197,0.1306605091432198
0.1774630442626397,-0.24934018416079629
-0.5801888138088285,0.7961085788814275
-0.30823388609408653,0.24183103553495422
0.3180908202644648,-0.577536337054138
0.694121653967799,-0.9528100707089417
0.644206321200451,-0.23915998498487534
-0.2911501024138903,0.011268306843917664
-0.5685186416470918,0.35562640062008843
0.29094459181433563,-0.6457786411859021
-0.04024875939218231,0.25501092643674017
-0.867007465266445,0.4822412985801181
-0.5237066926686074,0.8168691037587505
-0.3809447674273445,0.6275900394138973
0.5386097872826796,-0.9779374711427056
0.21705454539293312,-0.30098725582636243
0.045153198673490325,-0.4008686440922522
-0.7644978342197177,0.1530329510285071
0.9430653818021013,-0.3373059857938985
-0.08868649442857413,0.24026519560307347
-0.3297622914817162,0.48701651258321554
0.2682842765914737,-0.7474705168709945
-0.08172848752347739,0.9600651505709541
0.8083173889874968,-0.3034890659533993
-0.942695144844691,0.16650478462511353
0.52460524900192,-0.9221239666246688
0.6289369651778716,-0.43629045045320014
-0.9329351305284412,0.13977936974263305
0.5288814561510087,-0.18065789324801473
-0.25498213689306826,0.8572611242307882
-0.7445730327295303,0.6521352605050568
-0.9860957389376186,0.021494605155131463
-0.5913672332020594,0.015610127917558225
-0.9371416286265315,0.2728208225275608
-0.8460935967415817,0.3925775517562795
0.059881173860465875,-0.6772652832232338
-0.9889557657527952,0.6309228569096683
0.801403728022517,-0.15655814625308917
-0.9266571461329141,0.47280403013128103
-0.09949150771421933,0.9151620301676346
-0.20432674899568615,0.8390620493120995
-0.4557097255400746,0.1804613337381742
-0.7506746375934663,0.8416837652347446
-0.9160975531367275,0.9369775551887676
