feature 1,feature 2
-0.7512632019989796,-0.17271465016272947
-0.9168542818992158,-0.7033135980758223
0.8874031856404416,0.9202712088108944
-0.24883409472011198,-0.812036120318262
-0.5706082250732891,-0.8655316398188777
-0.6535962601799696,-0.13229670152405393
-0.30983250897353254,-0.9397922555773621
-0.9266335942188042,-0.4951261113119585
0.7911256962636775,0.8183505281071715
0.8152220051131098,0.4280652889337129
-0.945808014993033,-0.5560556761341011
-0.33300165661771164,-0.20366261281811338
0.6060517956653269,0.07832255335050897
-0.9598576044445473,-0.35584166883364343
0.0933913641442603,0.8048260665722069
-0.5972724357280512,-0.48275833022392245
0.6072070708830704,0.01041354715327647
-0.3382039502947016,-0.8728832994279527
-0.8329501706399625,-0.5777481148839252
-0.5224075772369214,-0.0975213116380238
-0.7587282577987984,-0.07844246393454846
-0.5701747259272083,-0.15029831426382612
-0.7633276181532254,-0.1801902206074235
0.4234456114920975,0.9622874635836438
-0.7882513635737414,-0.2902046330268919
-0.9166541987952315,-0.8304159679083936
-0.8227991406407655,-0.5587760945775775
0.6133870393894785,0.9697168055249517
-0.0034886354730927494,-0.8458834417313377
0.3848723026487393,0.9825119874043766
0.9517475098201076,0.6030742237659792
-0.9648952732667422,-0.4133827784388706
0.02335488423133225,0.06422697053063131
0.037581243486732197,0.4060379177903557
0.6612388155754583,0.9300538213330252
0.7579578005645347,0.14354470409664444
-0.2508942259597573,-0.6662795966024944
0.7774961597379544,0.9113029964595067
0.901062105172407,0.20130213309671174
-0.7839484917386172,-0.3222787013224968
-0.7602692653326344,-0.3247696571927441
-0.005502988215229099,-0.3982433803664607
0.5017421355829947,0.5090857481693647
-0.07260319012003569,-0.29329554394789437
0.7971212093496787,0.5663968265972519
-0.13753226041688427,-0.30496240937249075
-0.0032644545210405163,-0.16214910099090418
0.155186731762315,0.2691648351006075
0.06233905600206402,0.873211384589923
-0.5093017806373581,-0.2214087719160469
0.8654210162655227,0.08850793222739539
-0.37927608215285247,-0.08955970183639761
0.6419620345982817,0.13321051781092597
0.8087195499877144,0.6348156946122188
0.3170810313401098,0.5322318655911724
0.18718490710809732,0.3582046382889792
-0.6959502937427038,-0.8773007457786637
-0.2533813674404941,-0.45851065371289246
-0.16245895021585377,-0.2337229435010051
-0.7569972473981639,-0.6050590202801254
-0.8988537923515423,-0.14775752409553844
0.6719602410244117,0.39194841218739596
0.7361133802149007,0.6118508002352423
-0.5359636393823786,-0.97123710785583
0.931494419639495,-0.2096894050553899
-0.33687060186561246,0.7100604032398703
-0.8460935967415817,0.3925775517562795
0.7168255036860236,-0.1420119452499633
-0.6414887761844199,0.6000069635273628
0.24771864935314603,-0.09646464252554177
-0.5760118906026839,0.31470696434025713
0.4468402273771699,-0.008248529842458385
-0.44634440552989685,0.18470065718672446
-0.20299053120525312,0.23170019610443293
-0.39151551408092455,0.04951286326447568
-0.06880396373507969,0.08528926941515325
-0.7970569142679358,0.3270035382161116
-0.4557097255400746,0.1804613337381742
-0.23221755725357718,0.08710572222797719
0.2846510518104548,-0.8702928110340633
-0.609514024403911,0.44490423052301065
0.5738067725105902,-0.36918620850397454
-0.31366529365468354,0.458346975098896
-0.7223456547011797,0.2817494896064292
-0.25055605898524713,0.09973712555241043
0.10409436170396047,-0.12774694172936663
0.9977852240665812,-0.3467215011481781
0.238980692019229,-0.0730119123988553
-0.5161366393689408,0.4279052650131796
-0.7506746375934663,0.8416837652347446
0.541934359909122,-0.012408807271218514
-0.7142480773211766,0.5506923008062712
0.7455076791322559,-0.774839219176126
0.7024138280975374,-0.00970694597205135
-0.6529509700269827,0.3899021778049234
-0.7212878518543517,0.6698604735985982
0.707569843409334,-0.5160457393659093
-0.42857582743627853,0.7371982563789206
-0.08349421901696674,0.09123357863186987
-0.33151221836607836,0.5418244074916438
-0.24042843964154037,0.7266672991436505
-0.09091787046445354,0.2551161601681269
-0.598132622681887,0.07165536894616253
0.651421903121334,-0.4285848646782193
-0.3765778478211781,0.040136042355621626
-0.451856821315618,0.614141807733406
0.600141937398319,-0.5919287307422023
-0.23134670568063664,0.3592945653861397
0.18482913772408494,-0.9070991745600046
0.47500249621949675,-0.09556411822038569
-0.6604841898249185,0.039547897112035324
-0.0905202887322818,0.031192057158500486
-0.48244003679996617,0.32504456870796394
-0.9220413586777392,0.33369478261131613
-0.684090354329304,0.3917982363376049
0.4563775124072067,-0.009017367587603076
-0.8588625051991403,0.2848385564126312
-0.9266571461329141,0.47280403013128103
-0.6371233046087461,0.05032676733412034
-0.7949805440186415,0.8744569744729023
-0.9136801760988478,0.7822862273961422
0.5998321707463787,-0.6429106758913328
-0.8632935993800828,0.5675196849682145
-0.9259847305690148,0.19253975696410608
-0.9371416286265315,0.2728208225275608
0.595627297717269,-0.128833370374134
-0.28437183177290226,0.29563489198105675
-0.2453638920736143,0.9281568329802163
