feature 1,feature 2
0.3550632277673693,-0.2537547631552328
0.352355124150868,-0.34979196913660204
-0.40490309736235885,0.13004398571803222
-0.367687790046499,0.014469617376784871
-0.4538583800543752,0.03615753247763087
-0.16769200364047698,-0.03731169672935275
-0.4111022158608286,-0.22980454279614948
-0.30813001490607417,-0.2579224740307946
-0.16245895021585377,-0.2337229435010051
0.30229516976334825,0.24185713495686234
0.31048396127804345,0.10171474121827861
0.34520423645025256,-0.1124995613908577
0.38789688893420005,0.08544888669519235
0.06484136455043421,-0.1778087947985869
0.17670444196630664,-0.20463117113389062
-0.22366014758695618,0.28657643688470635
0.12132018883234186,0.20697533319290962
0.09771733015471185,-0.4247345419126436
-0.24822342970846134,-0.21104744285992938
-0.09536343096339972,0.28715539039304994
-0.22366858774600895,0.3482605910721259
0.13280928059379438,-0.04789919560180067
-0.08752698208891596,-0.2618939564781668
-0.37927608215285247,-0.08955970183639761
0.3665907532130104,-0.10819458724650333
-0.1262985947696409,0.45901645730479346
0.3840225118933094,-0.0841420111319442
-0.4099185846916875,-0.027999012404793966
0.3560323051181271,0.13146392799158213
-0.21694860364434132,-0.1747563183027525
-0.048907925026346666,0.08604916791532635
-0.28101769756048967,-0.4128163114710133
-0.20603696585143316,-0.10559491899032869
-0.11911729937515192,-0.3953335012970125
-0.2983617813299688,-0.2748804068818109
0.4468402273771699,-0.008248529842458385
-0.37636773382948085,0.012283725680488189
0.2070576130022419,0.31901196330265424
-0.28437183177290226,0.29563489198105675
0.47500249621949675,-0.09556411822038569
0.4747141547755993,-0.04796374126246694
0.1825508714898585,-0.20199459225973948
-0.26085160114645367,-0.07152296052155016
-0.21501288718663036,-0.040122330565752984
-0.12276916162081908,0.450515320830273
-0.015767413840923616,-0.4835112234020833
0.00022550415325395257,-0.17608380993179606
-0.1144037269125251,-0.4779029475303038
-0.4381309806252385,0.08539216631649693
0.2728604990872734,0.4129514529738023
-0.08868649442857413,0.24026519560307347
-0.016768249766335286,-0.05305645843886864
-0.11191250159559418,0.25246864284212767
0.10409436170396047,-0.12774694172936663
0.3414646238116681,0.1208812619608799
0.22292722245132168,0.3569999365852756
0.21705454539293312,-0.30098725582636243
-0.08965601653268718,0.33552118320630586
-0.19425343473472578,-0.40941901190411345
-0.11490897037050884,0.2986446491537633
-0.4269174957434312,0.1816665211380215
0.18718490710809732,0.3582046382889792
-0.37128803784734665,0.01714138232940554
-0.40120882325663754,-0.2825689491659731
0.9355229305391239,-0.12051902698418293
0.5974283833091492,-0.4143559265980705
-0.05501328998697286,-0.9087025089952325
0.16585211360852625,-0.4937969216407825
0.7024138280975374,-0.00970694597205135
-0.41556353907620447,0.8215403232878304
0.7547461438559109,0.4815372355084089
-0.5067927300439508,-0.03184586057959682
-0.5972724357280512,-0.48275833022392245
-0.0721350266233276,0.9440106592630741
0.5012295032817167,0.613669478534528
0.5831580874516971,0.5792362855891078
-0.2981699748958426,-0.7658659671447883
0.26680751302084693,0.7429211803754354
-0.4068801755881386,0.4288483281424844
-0.15155598150604743,0.812708770189472
0.644206321200451,-0.23915998498487534
-0.8649949066323561,0.03740198876119005
0.32843876997793653,0.7633812236870161
0.8885329782268678,-0.051571566685072456
-0.6371233046087461,0.05032676733412034
0.4124844543129924,-0.8373024387162005
0.1979570163544211,-0.7701340058808663
0.5135030113772701,0.03877171900787468
0.6217571620158369,0.671651855821032
0.14252093987419467,-0.7139977546685472
-0.7649475064457902,0.29842060423212713
0.35364259771479123,0.6569385988982341
0.4316499293641771,0.818065041331282
-0.812446947485967,-0.02773902957015184
-0.5924670817446218,0.04665926238948259
0.75330720531669,-0.19303426757520592
-0.5513628822929475,-0.5478418579788746
-0.6674332624878412,0.4760672328527409
-0.6009150981417097,0.36045648486258264
0.47576996966921237,0.40910885605489056
0.6494864746940152,-0.41523377917561377
0.6551061045480939,-0.6585832733750396
-0.23875341304683984,0.755948640890139
-0.9269006643038102,-0.055866109780001505
-0.7450226753360352,-0.20542541887926546
-0.8308692438055243,0.21369391108027824
0.32039475343546253,-0.4401322061081143
0.507736165419826,0.15578222538817665
0.6187223109570272,0.6202267893583615
0.6131222957228994,0.3175667334214347
0.3933016477537845,0.8449987623545914
0.3384005258761569,0.6585735986335111
0.5636477266898712,0.2882984429518318
0.773849800418539,0.291621625310412
0.6279405390120376,0.23043887646202177
-0.4432630366746868,0.5965863944183734
-0.772884815600742,0.3431463911855992
-0.618146829856713,0.3892819177874556
0.06314430537346238,-0.9346818784310083
-0.2967546255207312,-0.797158343101567
0.7410539325387684,0.2628378424367528
-0.5055378511936459,0.7414998025450228
0.785116454972949,-0.16110401208537284
-0.6535962601799696,-0.13229670152405393
-0.3722438469699454,0.3821116254785235
-0.846275849447673,0.0012485361408356432
0.14349196628749739,0.6656607535765422
-0.20192936471513057,0.6796032133288534
