feature 1,feature 2
0.33560936645281303,0.1864431402147686
0.23025828108239965,0.8212114344288435
0.4400730730921487,0.2822952657705946
0.5330300990651693,0.1674271754627279
0.7340629922448971,0.15735081714478683
0.780819034438657,0.4999555969041416
0.5697939542229351,0.4153618694818315
0.37544408486112135,0.4454139153964569
0.3963234280394903,0.07219273268824078
0.3848723026487393,0.9825119874043766
0.33039444139240026,0.04613084953823865
0.4387072447383171,0.7805161060356043
0.2992657980944293,0.6984468209883559
0.8804604828499152,0.1509483557517579
0.7458916717528166,0.46444977281912236
0.4266991717691049,0.7904136753743987
0.6381270277233122,0.08158750997108877
0.7454605009692037,0.6838671335836173
0.5422456317037732,0.309301373731909
0.148575150180422,0.3344246743883621
0.30194693430190833,0.09086373881381093
0.5012295032817167,0.613669478534528
0.037581243486732197,0.4060379177903557
0.537974830361021,0.889531459764856
0.7011634581884838,0.7345884019196047
0.7719554964723743,0.23172637636460913
0.41249232511052436,0.2453790818995949
0.551223701850655,0.9289533078016232
0.21418807217756153,0.09339482542814004
0.0007188924311212208,0.3817679531016456
0.9389408665507377,0.7310142517879605
0.818909221874484,0.4442864709118117
-0.8293006638427123,0.9937485036918947
-0.2952501067806912,0.6828951061695199
-0.4484648634972861,0.7541811620363779
-0.2771924418656273,0.7195893496232912
-0.33151221836607836,0.5418244074916438
-0.8122854303532876,0.8192536388731848
-0.07928345759614741,0.72912721904534
-0.37636773382948085,0.012283725680488189
-0.2911501024138903,0.011268306843917664
-0.8646632761999968,0.41567019445953735
-0.3183929194939643,0.8615146512071294
-0.17920634602067698,0.9647572338172128
-0.39790784433137394,0.005262485260260963
-0.22119012204224942,0.08352192853512652
-0.5608921535403961,0.9197256054269105
-0.598132622681887,0.07165536894616253
-0.27274079524141204,0.9435641654419213
-0.5785900722655937,0.9148960380761924
-0.6903427748045603,0.8894725175661593
-0.4557097255400746,0.1804613337381742
-0.42151045605469095,0.8001663660329614
-0.0514899580460928,0.12135658987789988
-0.942695144844691,0.16650478462511353
-0.5071959335217864,0.6382046353483994
-0.08965601653268718,0.33552118320630586
-0.7262287398623855,0.8000372836962102
-0.03821970679398201,0.32486802340213616
-0.24906214306699925,0.6076290903868935
-0.08172848752347739,0.9600651505709541
-0.5159099682749451,0.9733251865342929
-0.9516164722172895,0.6633940873515469
-0.9756910506203673,0.9397576534152781
-0.32958390525825454,-0.6524768137285124
-0.20603696585143316,-0.10559491899032869
-0.4628756650927148,-0.7980437863644778
-0.11960200408901889,-0.7050949465874321
-0.1863903980965529,-0.3435337886433212
-0.012371919086142658,-0.22470238908870588
-0.3309774225161357,-0.9476065829358704
-0.8904767223559373,-0.32960551670819815
-0.6650178218117846,-0.7054488728958181
-0.525042886495485,-0.9007712533223251
-0.6581271951583034,-0.1637104236744007
-0.7160560204780122,-0.30411717683566675
-0.0288206006812044,-0.944926560261069
-0.9706132226900923,-0.24181190265612762
-0.9492272886793103,-0.6876948052676193
-0.6755331884350413,-0.9747849600484819
-0.6241592383693539,-0.8460566612382519
-0.5170070294862643,-0.9192983462806006
-0.7206974904873742,-0.9400528202546441
-0.7432114210917495,-0.7917807012316673
-0.9335937824172669,-0.8428430056899585
-0.48707387796646806,-0.2893605030522246
-0.40120882325663754,-0.2825689491659731
-0.6310474937327213,-0.27552911669542324
-0.02825648162734873,-0.4864468645589841
-0.6309579612872454,-0.5813013533265794
-0.4099185846916875,-0.027999012404793966
-0.3570085975042361,-0.047126027312416774
-0.8016438008255682,-0.1970113682774235
-0.7102102558175538,-0.02109447944487397
-0.35264152719151265,-0.14912712276716644
-0.5989505465993266,-0.016810906517126245
0.4558786139475304,-0.0070776952894004985
0.5049366751729887,-0.8974123020375688
0.48095226390703827,-0.7142994253983228
0.09771733015471185,-0.4247345419126436
0.42950655288789163,-0.8630990948679664
0.8165317719333074,-0.5208762186660552
0.8332704716824146,-0.13802955897340752
0.2112757786468229,-0.7655921886395332
0.6413923215335586,-0.04529920375519736
0.1822606065170329,-0.6277282044933041
0.41809252344486536,-0.7862461538105123
0.323555464943277,-0.8463939033711569
0.24829781569826803,-0.18117669561751915
0.8935124893844815,-0.199575448300656
0.14608440123803135,-0.3495776074475774
0.9810102840013466,-0.17476464617714704
0.16093520198739197,-0.721606597308609
0.0781891054720174,-0.4350551472599926
0.22370578944475894,-0.7210122786959163
0.4175313104583085,-0.9832726362462858
0.045465658763988115,-0.14491796328290074
0.9056300340050121,-0.34651491593991834
0.7790386220875263,-0.2570654747512464
0.14789973213802088,-0.21420978221364195
0.24932713770852755,-0.2361207206942082
0.8296918021362001,-0.2752122017667338
0.22045029895528256,-0.7292918354446289
0.35512872368456483,-0.9668243421442877
0.6604397291339832,-0.20563294076309035
0.14012234017872993,-0.8056470124584629
0.15380776925271822,-0.0149646123622722
0.4653981011805608,-0.19094522885226062
