feature 1,feature 2
0.011777357768931962,0.22290847086929566
0.8301801368140864,0.06605773449227992
0.6802161568783998,0.9789022619301129
0.7143585139975059,0.8122865095315328
0.2068971867627558,0.3364255971100325
0.6839971057801231,0.4569813543232264
0.040327002223986774,0.7043630006370802
0.7454605009692037,0.6838671335836173
0.46546694957233026,0.21346344943487283
0.6051713591596257,0.14409728673860167
0.004854574332752826,0.46297271940623164
0.5477593114603128,0.20384686203026314
0.27188065365342173,0.19860423227887547
0.7723635442586902,0.8686082283349805
0.3273423307252963,0.873659478649516
0.17368223604175825,0.49087894836866
0.6450695887683935,0.6079170151050406
0.49521876035250223,0.005440780184958305
0.541843689288104,0.6895664562337753
0.7911256962636775,0.8183505281071715
0.7675717699268514,0.8555045663904259
0.8328410890641325,0.27082871372381967
0.21939485030523187,0.3992791392442434
0.2409475701039412,0.48450637439817434
0.4871878323531196,0.012532118990405516
0.11951136727676515,0.05479924424535265
0.37544408486112135,0.4454139153964569
0.9386050712381979,0.046195688340297636
0.019708019100915353,0.002551289251458755
0.6279405390120376,0.23043887646202177
0.09286063215569462,0.9340705505122924
0.818909221874484,0.4442864709118117
-0.854473987271613,0.6437201185807124
-0.5575811163607955,0.975336015993294
-0.9783778327296073,0.6531021483829285
-0.5403465484047631,0.10532453555349641
-0.8754537882362288,0.025005297540663385
-0.0227136191906685,0.5408148356155864
-0.7181515500504747,0.6043939615080793
-0.10052031509892001,0.5534211139103624
-0.848832772291866,0.9028464416911319
-0.8844388780072667,0.39007045771710636
-0.40490309736235885,0.13004398571803222
-0.8666959188786201,0.03681604389040816
-0.3005935405083009,0.5493070623623637
-0.41990893607512625,0.7428280683817086
-0.9822734297730622,0.9956417113639564
-0.03821970679398201,0.32486802340213616
-0.8508987126404584,0.9737738732010346
-0.7625818089817771,0.9611364541214471
-0.8286835008071389,0.7883817493282366
-0.10938948999466902,0.029634707859380383
-0.7349506545163031,0.7240289645452451
-0.5994359642647482,0.23356721570508232
-0.6229187885014977,0.34492099605005766
-0.07598839271173463,0.8945666792236306
-0.6684509196734485,0.8913962940005646
-0.5159099682749451,0.9733251865342929
-0.15728599544585964,0.475164603177783
-0.7365699428418129,0.7305915178178248
-0.08786003156592814,0.5703519227860272
-0.5785900722655937,0.9148960380761924
-0.48244003679996617,0.32504456870796394
-0.3287790914603146,0.9570509367782811
-0.4628756650927148,-0.7980437863644778
-0.9327727996334347,-0.874693593089291
-0.43244818840255106,-0.2738354072027298
-0.4825767156891181,-0.13119336198678044
-0.01436083093435081,-0.4001158604459547
-0.8328913249786205,-0.961742067125426
-0.812446947485967,-0.02773902957015184
-0.05165234182534961,-0.804331678697997
-0.2530841097345895,-0.4893272524735117
-0.15490314337611077,-0.9159506496571894
-0.01427083110510674,-0.1914205054902618
-0.20481120407441145,-0.45156959530265994
-0.5706082250732891,-0.8655316398188777
-0.7723232130467972,-0.30955371439661583
-0.48463422297757264,-0.07475408652136739
-0.945808014993033,-0.5560556761341011
-0.015767413840923616,-0.4835112234020833
-0.7915503943833047,-0.2309773447103749
-0.4107612073076137,-0.97136944466588
-0.7733929905450716,-0.1927979952768175
-0.7155012626256076,-0.7572301211551422
-0.2931572413945638,-0.5262588820510359
-0.39077246165325863,-0.8046557719872323
-0.6084440286329078,-0.9848742500437158
-0.48707387796646806,-0.2893605030522246
-0.32558684886849587,-0.7143160703713363
-0.4157107029295637,-0.2672763134126166
-0.9500566757659008,-0.10192246413974826
-0.20136816838138372,-0.6951679733391651
-0.823014995896161,-0.6080342751617096
-0.7330400551681124,-0.8387969724857507
-0.6020157220811264,-0.16333227179543974
0.8766809136420757,-0.6375338676686797
0.7455076791322559,-0.774839219176126
0.2687273777433743,-0.5558482586133588
0.763855516609288,-0.1450206241587697
0.11811856989320435,-0.357675694728093
0.3762694121730843,-0.12479375188921615
0.28165262938041247,-0.5679236349808008
0.49488881319338796,-0.05238034320410678
0.024186116598561958,-0.5470084496041241
0.3843226833882638,-0.8754164037398746
0.3573399133451296,-0.27616001832427006
0.852388136863564,-0.5426464407927825
0.7790386220875263,-0.2570654747512464
0.08281521469517039,-0.6917099136430258
0.3227412221408288,-0.6296088642650641
0.6452286370273568,-0.15252349270247434
0.35512872368456483,-0.9668243421442877
0.24550680647968215,-0.5546478417538301
0.6423965651004531,-0.9968697896170542
0.9988274515413331,-0.9035759222788879
0.3457433371961596,-0.8377016429275217
0.8346271509244856,-0.7263627381620772
0.26367442433959853,-0.10310895604336046
0.541934359909122,-0.012408807271218514
0.6897506219389091,-0.9534561285283483
0.04878053865516008,-0.11847450612354371
0.31034742904867607,-0.4795268040295413
0.6335589330112721,-0.6367720644867947
0.26680170863345154,-0.5197087624436139
0.8582894344233747,-0.22535496404937194
0.045465658763988115,-0.14491796328290074
0.06517886510317172,-0.8963529263551462
