feature 1,feature 2
0.21547358975771824,0.02537702203301717
-0.8966625566840778,0.009591196609056274
-0.8395325086767156,0.04902277914050934
-0.5962930957541033,0.3468648666498346
0.8301801368140864,0.06605773449227992
0.9386050712381979,0.046195688340297636
0.19645058812747762,0.4713262284783797
-0.3951609774429272,0.12681672896770824
0.16034473845466457,0.06720509345375691
0.522055805004056,0.08253315735222055
-0.0227136191906685,0.5408148356155864
0.004854574332752826,0.46297271940623164
-0.11490897037050884,0.2986446491537633
-0.479426284867994,0.8143900614116597
-0.3191768877714807,0.021161514919119773
0.41249232511052436,0.2453790818995949
0.3414646238116681,0.1208812619608799
-0.20432674899568615,0.8390620493120995
-0.7118424279736009,0.2479969710579648
-0.038826845346704,0.1848155693190352
0.6883408979383943,0.6113403059001064
-0.6674332624878412,0.4760672328527409
0.2363114686362382,0.4049299410882079
-0.0266621171505943,0.7468464761633211
0.7130744474958537,0.40233972318051947
-0.5760118906026839,0.31470696434025713
-0.23801745266320018,0.6168114777873819
-0.6932971937678396,0.17245966403359447
0.32982344897443605,0.5908999215794584
-0.03363827337266301,0.6764608421636011
-0.3649005994848231,0.6962184700312601
-0.3202500724638677,0.4495335430575229
-0.7970569142679358,0.3270035382161116
-0.13533039791479617,0.8872318403351978
0.16139816910856997,0.01101752077972784
0.2342899732080601,0.4135544337708916
-0.26443373456149355,0.26461166118715895
0.8328410890641325,0.27082871372381967
0.7477801551250305,0.1948262043406166
-0.6503227454791749,0.005132152926884848
0.06233905600206402,0.873211384589923
0.5890310889814974,0.4141729545333963
-0.24906214306699925,0.6076290903868935
0.011705385903657994,0.6814060560224
-0.19847387824934803,0.11928066261643577
0.32382726527402306,0.5023542739080855
-0.5994359642647482,0.23356721570508232
0.38525190445232904,0.6762305792962204
0.6719602410244117,0.39194841218739596
0.6088281193549467,0.43020032256740004
-0.057664202134370734,0.6432737954209433
0.10742297071602236,0.08340962482000802
0.07991426056111917,0.6840665887528425
0.9009183411505914,0.1632445859783871
0.7372463359112216,0.5531937055834835
0.48576298733587797,0.4758347867080508
0.23260097185144812,0.11375688634419179
-0.7636703447566875,0.3934743307283013
0.06677325753072516,0.7399383192953699
-0.720455246747421,0.5905346237197804
-0.8715821258497318,0.16394280382879756
0.010910235820899894,0.9280348142354047
-0.36179905351348873,0.6578309483013547
0.2654237574972018,0.4077141832686624
0.015220757368910043,-0.5151805351698395
0.5100838574925566,-0.07892100545171998
0.6587893297176939,-0.4369576031701401
-0.5169263165966365,-0.2914573455655687
-0.653007899289956,-0.24049695416136507
0.3760911141482577,-0.759224842421822
0.40815953619844714,-0.5740716769821785
0.15371476226540048,-0.07203660366622522
-0.01427083110510674,-0.1914205054902618
-0.6999026706120315,-0.35064814621988005
-0.7710247238681898,-0.23232223391004103
0.6854238043211098,-0.37330416482971374
0.2112757786468229,-0.7655921886395332
-0.02546929179989843,-0.14002957175788056
-0.016768249766335286,-0.05305645843886864
-0.7733929905450716,-0.1927979952768175
-0.35264152719151265,-0.14912712276716644
0.13280928059379438,-0.04789919560180067
0.8935124893844815,-0.199575448300656
0.03489270351008256,-0.13914517935801962
0.5930745819523526,-0.036955296974899854
0.4771949162646614,-0.3687453124733
0.3873644515629773,-0.5584607744224792
-0.6602379878985294,-0.6100496001994216
0.6493619318502983,-0.3043815841956139
0.1732169263509482,-0.6639715845102732
-0.5441296749161166,-0.14578442274748737
0.22156014215153652,-0.4386335689680514
0.9004747076416049,-0.10798845408408853
0.24550680647968215,-0.5546478417538301
0.22045029895528256,-0.7292918354446289
-0.20136816838138372,-0.6951679733391651
0.26049443891231583,-0.5032327825135849
-0.13739658731797078,-0.24191902923392994
0.5750981717175585,-0.4979972334753995
0.7024138280975374,-0.00970694597205135
-0.16466600836601053,-0.7672830296710083
-0.7629947528036969,-0.42223012218166867
-0.7150089141969735,-0.002223693097287871
0.5918527742870048,-0.6497537197392935
0.21705454539293312,-0.30098725582636243
0.647247221497947,-0.2307778480424636
-0.33300165661771164,-0.20366261281811338
0.1979570163544211,-0.7701340058808663
0.07740359590542845,-0.0043749839314195516
-0.7633276181532254,-0.1801902206074235
-0.543840456102135,-0.5759103201835467
-0.7512632019989796,-0.17271465016272947
-0.09741177394149014,-0.633115607193131
0.38471784492211625,-0.47187603061256245
-0.25145840848775936,-0.25871570586621817
-0.6095187940870159,-0.3093160955102243
-0.22288379745930853,-0.1026127547549387
0.60887441535901,-0.44248025517089395
0.3457433371961596,-0.8377016429275217
-0.13753226041688427,-0.30496240937249075
0.5018795967266365,-0.7972542048936817
-0.39077246165325863,-0.8046557719872323
0.75330720531669,-0.19303426757520592
-0.857622703079542,-0.3620487394124774
0.059319447891239774,-0.5162134117742216
0.33511547704205435,-0.6553602575967403
-0.39160256072743826,-0.39211497548994534
-0.012371919086142658,-0.22470238908870588
