feature 1,feature 2
-0.36179905351348873,0.6578309483013547
0.2992657980944293,0.6984468209883559
0.6131222957228994,0.3175667334214347
0.7202793866988699,0.44562860641696744
-0.26143845956891787,0.8658497251393442
0.7109211680220144,0.40731571876004735
0.3560323051181271,0.13146392799158213
0.45191135774047875,0.7942205199051542
-0.3356179337687908,0.38723611494759047
-0.005650471983145389,0.2356944804024277
0.6550757911337486,0.4672287611228041
0.02770892841353545,0.017781111182111786
-0.498213908617795,0.352052576105095
-0.2581179836844696,0.8038803934983001
0.41371468769523423,0.4580143360819746
-0.8611523145078133,0.03811958181654074
0.20588575295892309,0.6534147194829749
0.33560936645281303,0.1864431402147686
-0.4381309806252385,0.08539216631649693
-0.10657094548295931,0.0030359207003327615
-0.42273889351948846,0.16247644284522456
0.8587519782551716,0.11352578602785957
0.27188065365342173,0.19860423227887547
-0.772884815600742,0.3431463911855992
-0.8232301060309626,0.3978976569747712
0.16484531641449296,0.4961463588590642
-0.661014506627815,0.11360252491670031
-0.11693899725324597,0.7754083655165995
0.6550126397464424,0.39441876381927354
-0.7608115081233966,0.42648957444599
0.5772299293448129,0.03453811288321873
-0.6503227454791749,0.005132152926884848
-0.10336188926115564,0.02086497800846443
-0.44952163792598343,0.41887772926794953
0.2191286679597937,0.005358046457722976
-0.3809447674273445,0.6275900394138973
0.6839971057801231,0.4569813543232264
0.6235395761802751,0.3129572146630053
0.3273423307252963,0.873659478649516
0.6642683559154838,0.014935467521672408
-0.5479420043680006,0.28095208435168795
-0.39790784433137394,0.005262485260260963
-0.3202500724638677,0.4495335430575229
0.4454755044776093,0.31345896944321594
0.8781369589005832,0.2727485630667488
0.4871878323531196,0.012532118990405516
-0.41990893607512625,0.7428280683817086
-0.5251330632503874,0.02472755509158131
-0.5913672332020594,0.015610127917558225
-0.36226636335772233,0.16439749318822772
0.040615401807586604,0.5446367834712786
-0.09560194343312944,0.8677500350558098
0.3384005258761569,0.6585735986335111
-0.4068801755881386,0.4288483281424844
0.02335488423133225,0.06422697053063131
-0.14360077014877048,0.43519553131635247
-0.6604841898249185,0.039547897112035324
0.8416956956313737,0.23330062904147608
-0.6377013009306394,0.3622357079299656
0.19533656540540623,0.732191267223383
0.13017062490551257,0.5432538219572154
0.5068558445139382,0.537845564215282
0.15996757485626256,0.12296917591904744
-0.3599007979387765,0.791046456992401
-0.5224457084633953,-0.7790517737372107
-0.6621298738556709,-0.44281932193608275
0.2970096402373763,-0.4651959442849174
-0.0754088779987856,-0.17646891683098298
-0.2830685429114548,-0.7682618809497406
-0.6020157220811264,-0.16333227179543974
-0.05684762289968326,-0.17631817170546293
0.3455292288249334,-0.5589914731287058
-0.3382039502947016,-0.8728832994279527
-0.21551190980053536,-0.12505015595254187
0.21663900001554337,-0.4379004996662217
0.10760448142475254,-0.3889513786839529
-0.038986105484342115,-0.7901396431636503
-0.43025419607615434,-0.38542007014742685
0.006167901559672728,-0.10130051592071587
0.9004747076416049,-0.10798845408408853
-0.06386189153141975,-0.0674011741203624
0.5100838574925566,-0.07892100545171998
-0.48707387796646806,-0.2893605030522246
-0.09832125719173579,-0.7735239083184895
0.8941813342170382,-0.007482494235276915
0.41864165694521915,-0.6653573919978792
-0.20948136913768445,-0.6364422655652762
0.3684660530243138,-0.1196950125207974
-0.0836262265242147,-0.03406225582928957
0.14252093987419467,-0.7139977546685472
-0.3893786466065374,-0.5747112472578078
0.6766574094222757,-0.06261368041005944
-0.5361058077680492,-0.21818800818897066
0.26680170863345154,-0.5197087624436139
-0.14954362912461217,-0.9248578192021852
0.2846510518104548,-0.8702928110340633
-0.5006620945195397,-0.47350530696397763
-0.4099185846916875,-0.027999012404793966
-0.5408036784920627,-0.76489739969956
-0.4038955827211137,-0.789270155498287
-0.5169263165966365,-0.2914573455655687
0.3765484715604741,-0.7188940648432784
0.22156014215153652,-0.4386335689680514
0.11541765250008784,-0.3054459219389849
0.1825508714898585,-0.20199459225973948
0.763855516609288,-0.1450206241587697
0.2268227784214154,-0.6659321078158495
0.013840875923669227,-0.18117585636596334
-0.4111022158608286,-0.22980454279614948
-0.6162653505625142,-0.3532568757689585
0.15656028199234795,-0.9281154524065158
0.15424517207664157,-0.2857576813989944
0.41447726862679724,-0.6949219141714773
0.6587893297176939,-0.4369576031701401
-0.8016438008255682,-0.1970113682774235
-0.10043070235735496,-0.6107549763584699
0.5351352570358365,-0.16699113619224204
-0.6307350853052616,-0.31578475827281194
0.14608440123803135,-0.3495776074475774
0.49488881319338796,-0.05238034320410678
0.238980692019229,-0.0730119123988553
-0.47377486017831427,-0.2797271850569618
0.7287164996792741,-0.05358018661688568
0.07740359590542845,-0.0043749839314195516
0.3174155510017522,-0.003608567093722037
-0.8066471007065608,-0.09925812748362972
0.1346244392578071,-0.4868744325972725
-0.42049709417246395,-0.6775574254919912
